02/12/2020 13:51:19, -4.099819, -1.338046, -2, -1000, -1000, -1000, -1000, -1000, -1000
02/12/2020 13:51:19, -4.02432, -1.395193, -2, -1000, -1000, -1000, -1000, -1000, -1000
02/12/2020 13:51:19, -3.946751, -1.452193, -2, -1000, -1000, -1000, -1000, -1000, -1000
02/12/2020 13:51:19, -3.86711, -1.508966, -2, -1000, -1000, -1000, -1000, -1000, -1000
02/12/2020 13:51:19, -3.785384, -1.56544, -2, -1000, -1000, -1000, -1000, -1000, -1000
02/12/2020 13:51:19, -3.701576, -1.621529, -2, -1000, -1000, -1000, -1000, -1000, -1000
02/12/2020 13:51:19, -3.61568, -1.677157, -2, -1000, -1000, -1000, -1000, -1000, -1000
02/12/2020 13:51:19, -3.527703, -1.732239, -2, -1000, -1000, -1000, -1000, -1000, -1000
02/12/2020 13:51:19, -3.437648, -1.786694, -2, -1000, -1000, -1000, -1000, -1000, -1000
02/12/2020 13:51:19, -3.345529, -1.840436, -2, -1000, -1000, -1000, -1000, -1000, -1000
02/12/2020 13:51:19, -3.251355, -1.893382, -2, -1000, -1000, -1000, -1000, -1000, -1000
02/12/2020 13:51:19, -3.155149, -1.945443, -2, -1000, -1000, -1000, -1000, -1000, -1000
02/12/2020 13:51:19, -3.056927, -1.996537, -2, -1000, -1000, -1000, -1000, -1000, -1000
02/12/2020 13:51:19, -2.95672, -2.046574, -2, -1000, -1000, -1000, -1000, -1000, -1000
02/12/2020 13:51:19, -2.854553, -2.095472, -2, -1000, -1000, -1000, -1000, -1000, -1000
02/12/2020 13:51:19, -2.750466, -2.143142, -2, -1000, -1000, -1000, -1000, -1000, -1000
02/12/2020 13:51:19, -2.644491, -2.189501, -2, -1000, -1000, -1000, -1000, -1000, -1000
02/12/2020 13:51:19, -2.536677, -2.234463, -2, -1000, -1000, -1000, -1000, -1000, -1000
02/12/2020 13:51:19, -2.427065, -2.277946, -2, -1000, -1000, -1000, -1000, -1000, -1000
02/12/2020 13:51:19, -2.315713, -2.319868, -2, -1000, -1000, -1000, -1000, -1000, -1000
02/12/2020 13:51:19, -2.202672, -2.360148, -2, -1000, -1000, -1000, -1000, -1000, -1000
02/12/2020 13:51:19, -2.088007, -2.398709, -2, -1000, -1000, -1000, -1000, -1000, -1000
02/12/2020 13:51:19, -1.971776, -2.435476, -2, -1000, -1000, -1000, -1000, -1000, -1000
02/12/2020 13:51:19, -1.854054, -2.470374, -2, -1000, -1000, -1000, -1000, -1000, -1000
02/12/2020 13:51:19, -1.73491, -2.503333, -2, -1000, -1000, -1000, -1000, -1000, -1000
02/12/2020 13:51:19, -1.614424, -2.534286, -2, -1000, -1000, -1000, -1000, -1000, -1000
02/12/2020 13:51:19, -1.492672, -2.563169, -2, -1000, -1000, -1000, -1000, -1000, -1000
02/12/2020 13:51:19, -1.369745, -2.589921, -2, -1000, -1000, -1000, -1000, -1000, -1000
02/12/2020 13:51:19, -1.245723, -2.614486, -2, -1000, -1000, -1000, -1000, -1000, -1000
02/12/2020 13:51:19, -1.120705, -2.636812, -2, -1000, -1000, -1000, -1000, -1000, -1000
02/12/2020 13:51:19, -0.994776, -2.656852, -2, -1000, -1000, -1000, -1000, -1000, -1000
02/12/2020 13:51:20, -0.8680414, -2.674561, -2, -1000, -1000, -1000, -1000, -1000, -1000
02/12/2020 13:51:20, -0.7405923, -2.689901, -2, -1000, -1000, -1000, -1000, -1000, -1000
02/12/2020 13:51:20, -0.6125384, -2.702839, -2, -1000, -1000, -1000, -1000, -1000, -1000
02/12/2020 13:51:20, -0.4839745, -2.713346, -2, -1000, -1000, -1000, -1000, -1000, -1000
02/12/2020 13:51:20, -0.3550135, -2.7214, -2, -1000, -1000, -1000, -1000, -1000, -1000
02/12/2020 13:51:20, -0.2257535, -2.726982, -2, -1000, -1000, -1000, -1000, -1000, -1000
02/12/2020 13:51:20, -0.09631003, -2.73008, -2, -1000, -1000, -1000, -1000, -1000, -1000
02/12/2020 13:51:20, 0.03321751, -2.730687, -2, -1000, -1000, -1000, -1000, -1000, -1000
02/12/2020 13:51:20, 0.1627145, -2.728802, -2, -1000, -1000, -1000, -1000, -1000, -1000
02/12/2020 13:51:20, 0.2920787, -2.724429, -2, -1000, -1000, -1000, -1000, -1000, -1000
02/12/2020 13:51:20, 0.4211969, -2.717577, -2, -1000, -1000, -1000, -1000, -1000, -1000
02/12/2020 13:51:20, 0.5499688, -2.708262, -2, -1000, -1000, -1000, -1000, -1000, -1000
02/12/2020 13:51:20, 0.678283, -2.696506, -2, -1000, -1000, -1000, -1000, -1000, -1000
02/12/2020 13:51:20, 0.8060409, -2.682331, -2, -1000, -1000, -1000, -1000, -1000, -1000
02/12/2020 13:51:20, 0.9331343, -2.665772, -2, -1000, -1000, -1000, -1000, -1000, -1000
02/12/2020 13:51:20, 1.05947, -2.646862, -2, -1000, -1000, -1000, -1000, -1000, -1000
02/12/2020 13:51:20, 1.184942, -2.625645, -2, -1000, -1000, -1000, -1000, -1000, -1000
02/12/2020 13:51:20, 1.309462, -2.602163, -2, -1000, -1000, -1000, -1000, -1000, -1000
02/12/2020 13:51:20, 1.432933, -2.57647, -2, -1000, -1000, -1000, -1000, -1000, -1000
02/12/2020 13:51:20, 1.555269, -2.548617, -2, -1000, -1000, -1000, -1000, -1000, -1000
02/12/2020 13:51:20, 1.676381, -2.518666, -2, -1000, -1000, -1000, -1000, -1000, -1000
02/12/2020 13:51:20, 1.79619, -2.486675, -2, -1000, -1000, -1000, -1000, -1000, -1000
02/12/2020 13:51:20, 1.914612, -2.452713, -2, -1000, -1000, -1000, -1000, -1000, -1000
02/12/2020 13:51:20, 2.031579, -2.416848, -2, -1000, -1000, -1000, -1000, -1000, -1000
02/12/2020 13:51:20, 2.147014, -2.379152, -2, -1000, -1000, -1000, -1000, -1000, -1000
02/12/2020 13:51:20, 2.260856, -2.339699, -2, -1000, -1000, -1000, -1000, -1000, -1000
02/12/2020 13:51:20, 2.373037, -2.298567, -2, -1000, -1000, -1000, -1000, -1000, -1000
02/12/2020 13:51:20, 2.483504, -2.255834, -2, -1000, -1000, -1000, -1000, -1000, -1000
02/12/2020 13:51:20, 2.592198, -2.211583, -2, -1000, -1000, -1000, -1000, -1000, -1000
02/12/2020 13:51:20, 2.699077, -2.165893, -2, -1000, -1000, -1000, -1000, -1000, -1000
02/12/2020 13:51:20, 2.804086, -2.118852, -2, -1000, -1000, -1000, -1000, -1000, -1000
02/12/2020 13:51:21, 2.907195, -2.070541, -2, -1000, -1000, -1000, -1000, -1000, -1000
02/12/2020 13:51:21, 3.008359, -2.021049, -2, -1000, -1000, -1000, -1000, -1000, -1000
02/12/2020 13:51:21, 3.107553, -1.970458, -2, -1000, -1000, -1000, -1000, -1000, -1000
02/12/2020 13:51:21, 3.204743, -1.918858, -2, -1000, -1000, -1000, -1000, -1000, -1000
02/12/2020 13:51:21, 3.29991, -1.866332, -2, -1000, -1000, -1000, -1000, -1000, -1000
02/12/2020 13:51:21, 3.393031, -1.812968, -2, -1000, -1000, -1000, -1000, -1000, -1000
02/12/2020 13:51:21, 3.484094, -1.758849, -2, -1000, -1000, -1000, -1000, -1000, -1000
02/12/2020 13:51:21, 3.573084, -1.704062, -2, -1000, -1000, -1000, -1000, -1000, -1000
02/12/2020 13:51:21, 3.659994, -1.64869, -2, -1000, -1000, -1000, -1000, -1000, -1000
02/12/2020 13:51:21, 3.744819, -1.592815, -2, -1000, -1000, -1000, -1000, -1000, -1000
02/12/2020 13:51:21, 3.827561, -1.536518, -2, -1000, -1000, -1000, -1000, -1000, -1000
02/12/2020 13:51:21, 3.908215, -1.479882, -2, -1000, -1000, -1000, -1000, -1000, -1000
02/12/2020 13:51:21, 3.986793, -1.422982, -2, -1000, -1000, -1000, -1000, -1000, -1000
02/12/2020 13:51:21, 4.063298, -1.365898, -2, -1000, -1000, -1000, -1000, -1000, -1000
02/12/2020 13:51:21, 4.137746, -1.308702, -2, -1000, -1000, -1000, -1000, -1000, -1000
02/12/2020 13:51:21, 4.210145, -1.25147, -2, -1000, -1000, -1000, -1000, -1000, -1000
02/12/2020 13:51:21, 4.280513, -1.194272, -2, -1000, -1000, -1000, -1000, -1000, -1000
02/12/2020 13:51:21, 4.348868, -1.137178, -2, -1000, -1000, -1000, -1000, -1000, -1000
02/12/2020 13:51:21, 4.415231, -1.080255, -2, -1000, -1000, -1000, -1000, -1000, -1000
02/12/2020 13:51:21, 4.479621, -1.023569, -2, -1000, -1000, -1000, -1000, -1000, -1000
02/12/2020 13:51:21, 4.542067, -0.9671812, -2, -1000, -1000, -1000, -1000, -1000, -1000
02/12/2020 13:51:21, 4.602587, -0.9111557, -2, -1000, -1000, -1000, -1000, -1000, -1000
02/12/2020 13:51:21, 4.661213, -0.8555474, -2, -1000, -1000, -1000, -1000, -1000, -1000
02/12/2020 13:51:21, 4.717972, -0.8004165, -2, -1000, -1000, -1000, -1000, -1000, -1000
02/12/2020 13:51:21, 4.772892, -0.7458148, -2, -1000, -1000, -1000, -1000, -1000, -1000
02/12/2020 13:51:21, 4.826003, -0.6917963, -2, -1000, -1000, -1000, -1000, -1000, -1000
02/12/2020 13:51:21, 4.877336, -0.6384096, -2, -1000, -1000, -1000, -1000, -1000, -1000
02/12/2020 13:51:21, 4.926923, -0.5857043, -2, -1000, -1000, -1000, -1000, -1000, -1000
02/12/2020 13:51:21, 4.974798, -0.5337234, -2, -1000, -1000, -1000, -1000, -1000, -1000
02/12/2020 13:51:21, 5.020988, -0.4825139, -2, -1000, -1000, -1000, -1000, -1000, -1000
02/12/2020 13:51:22, 5.065532, -0.4321146, -2, -1000, -1000, -1000, -1000, -1000, -1000
02/12/2020 13:51:22, 5.108459, -0.3825674, -2, -1000, -1000, -1000, -1000, -1000, -1000
02/12/2020 13:51:22, 5.149806, -0.3339081, -2, -1000, -1000, -1000, -1000, -1000, -1000
02/12/2020 13:51:22, 5.189601, -0.2861748, -2, -1000, -1000, -1000, -1000, -1000, -1000
02/12/2020 13:51:22, 5.227883, -0.239398, -2, -1000, -1000, -1000, -1000, -1000, -1000
02/12/2020 13:51:22, 5.26468, -0.193614, -2, -1000, -1000, -1000, -1000, -1000, -1000
02/12/2020 13:51:22, 5.300029, -0.1488495, -2, -1000, -1000, -1000, -1000, -1000, -1000
02/12/2020 13:51:22, 5.333958, -0.1051364, -2, -1000, -1000, -1000, -1000, -1000, -1000
02/12/2020 13:51:22, 5.366504, -0.06249905, -2, -1000, -1000, -1000, -1000, -1000, -1000
02/12/2020 13:51:22, 5.397693, -0.02096558, -2, -1000, -1000, -1000, -1000, -1000, -1000
02/12/2020 13:51:22, 5.427561, 0.01944208, -2, -1000, -1000, -1000, -1000, -1000, -1000
02/12/2020 13:51:22, 5.456135, 0.05869937, -2, -1000, -1000, -1000, -1000, -1000, -1000
02/12/2020 13:51:22, 5.483447, 0.09678721, -2, -1000, -1000, -1000, -1000, -1000, -1000
02/12/2020 13:51:22, 5.509523, 0.1336834, -2, -1000, -1000, -1000, -1000, -1000, -1000
02/12/2020 13:51:22, 5.534396, 0.1693716, -2, -1000, -1000, -1000, -1000, -1000, -1000
02/12/2020 13:51:22, 5.55809, 0.2038324, -2, -1000, -1000, -1000, -1000, -1000, -1000
02/12/2020 13:51:22, 5.580633, 0.237051, -2, -1000, -1000, -1000, -1000, -1000, -1000
02/12/2020 13:51:22, 5.602051, 0.2690108, -2, -1000, -1000, -1000, -1000, -1000, -1000
02/12/2020 13:51:22, 5.622369, 0.2996995, -2, -1000, -1000, -1000, -1000, -1000, -1000
02/12/2020 13:51:22, 5.641609, 0.3291004, -2, -1000, -1000, -1000, -1000, -1000, -1000
02/12/2020 13:51:22, 5.659798, 0.3572059, -2, -1000, -1000, -1000, -1000, -1000, -1000
02/12/2020 13:51:22, 5.676955, 0.384002, -2, -1000, -1000, -1000, -1000, -1000, -1000
02/12/2020 13:51:22, 5.693102, 0.4094787, -2, -1000, -1000, -1000, -1000, -1000, -1000
02/12/2020 13:51:22, 5.70826, 0.4336262, -2, -1000, -1000, -1000, -1000, -1000, -1000
02/12/2020 13:51:22, 5.722448, 0.4564364, -2, -1000, -1000, -1000, -1000, -1000, -1000
02/12/2020 13:51:22, 5.735683, 0.4778998, -2, -1000, -1000, -1000, -1000, -1000, -1000
02/12/2020 13:51:22, 5.747984, 0.4980104, -2, -1000, -1000, -1000, -1000, -1000, -1000
02/12/2020 13:51:22, 5.759366, 0.5167606, -2, -1000, -1000, -1000, -1000, -1000, -1000
02/12/2020 13:51:23, 5.769844, 0.5341432, -2, -1000, -1000, -1000, -1000, -1000, -1000
02/12/2020 13:51:23, 5.779431, 0.5501544, -2, -1000, -1000, -1000, -1000, -1000, -1000
02/12/2020 13:51:23, 5.788141, 0.5647886, -2, -1000, -1000, -1000, -1000, -1000, -1000
02/12/2020 13:51:23, 5.795986, 0.5780408, -2, -1000, -1000, -1000, -1000, -1000, -1000
02/12/2020 13:51:23, 5.802974, 0.5899065, -2, -1000, -1000, -1000, -1000, -1000, -1000
