02/12/2020 13:52:49, -5.611136, 0.2826879, -2, -1000, -1000, -1000, -1000, -1000, -1000
02/12/2020 13:52:49, -5.544976, 0.1847031, -2, -1000, -1000, -1000, -1000, -1000, -1000
02/12/2020 13:52:49, -5.468317, 0.07561946, -2, -1000, -1000, -1000, -1000, -1000, -1000
02/12/2020 13:52:49, -5.380403, -0.0440731, -2, -1000, -1000, -1000, -1000, -1000, -1000
02/12/2020 13:52:49, -5.28042, -0.1737776, -2, -1000, -1000, -1000, -1000, -1000, -1000
02/12/2020 13:52:49, -5.167512, -0.3127799, -2, -1000, -1000, -1000, -1000, -1000, -1000
02/12/2020 13:52:49, -5.040794, -0.4602289, -2, -1000, -1000, -1000, -1000, -1000, -1000
02/12/2020 13:52:49, -4.89937, -0.6151295, -2, -1000, -1000, -1000, -1000, -1000, -1000
02/12/2020 13:52:49, -4.742361, -0.7763243, -2, -1000, -1000, -1000, -1000, -1000, -1000
02/12/2020 13:52:49, -4.568924, -0.9424868, -2, -1000, -1000, -1000, -1000, -1000, -1000
02/12/2020 13:52:49, -4.378302, -1.112116, -2, -1000, -1000, -1000, -1000, -1000, -1000
02/12/2020 13:52:49, -4.169836, -1.283533, -2, -1000, -1000, -1000, -1000, -1000, -1000
02/12/2020 13:52:49, -3.943022, -1.454891, -2, -1000, -1000, -1000, -1000, -1000, -1000
02/12/2020 13:52:49, -3.697543, -1.624182, -2, -1000, -1000, -1000, -1000, -1000, -1000
02/12/2020 13:52:49, -3.433314, -1.789267, -2, -1000, -1000, -1000, -1000, -1000, -1000
02/12/2020 13:52:49, -3.150514, -1.9479, -2, -1000, -1000, -1000, -1000, -1000, -1000
02/12/2020 13:52:49, -2.849631, -2.097775, -2, -1000, -1000, -1000, -1000, -1000, -1000
02/12/2020 13:52:49, -2.531479, -2.236575, -2, -1000, -1000, -1000, -1000, -1000, -1000
02/12/2020 13:52:49, -2.197222, -2.362033, -2, -1000, -1000, -1000, -1000, -1000, -1000
02/12/2020 13:52:49, -1.848376, -2.471998, -2, -1000, -1000, -1000, -1000, -1000, -1000
02/12/2020 13:52:50, -1.486799, -2.564502, -2, -1000, -1000, -1000, -1000, -1000, -1000
02/12/2020 13:52:50, -1.11467, -2.637828, -2, -1000, -1000, -1000, -1000, -1000, -1000
02/12/2020 13:52:50, -0.7344416, -2.690579, -2, -1000, -1000, -1000, -1000, -1000, -1000
02/12/2020 13:52:50, -0.3487864, -2.721726, -2, -1000, -1000, -1000, -1000, -1000, -1000
02/12/2020 13:52:50, 0.03947123, -2.730653, -2, -1000, -1000, -1000, -1000, -1000, -1000
02/12/2020 13:52:50, 0.4274339, -2.717184, -2, -1000, -1000, -1000, -1000, -1000, -1000
02/12/2020 13:52:50, 0.8122113, -2.681584, -2, -1000, -1000, -1000, -1000, -1000, -1000
02/12/2020 13:52:50, 1.191005, -2.624557, -2, -1000, -1000, -1000, -1000, -1000, -1000
02/12/2020 13:52:50, 1.56118, -2.547211, -2, -1000, -1000, -1000, -1000, -1000, -1000
02/12/2020 13:52:50, 1.920337, -2.451012, -2, -1000, -1000, -1000, -1000, -1000, -1000
02/12/2020 13:52:50, 2.266359, -2.337734, -2, -1000, -1000, -1000, -1000, -1000, -1000
02/12/2020 13:52:50, 2.597456, -2.209386, -2, -1000, -1000, -1000, -1000, -1000, -1000
02/12/2020 13:52:50, 2.912182, -2.068151, -2, -1000, -1000, -1000, -1000, -1000, -1000
02/12/2020 13:52:50, 3.209447, -1.916308, -2, -1000, -1000, -1000, -1000, -1000, -1000
02/12/2020 13:52:50, 3.488503, -1.756179, -2, -1000, -1000, -1000, -1000, -1000, -1000
02/12/2020 13:52:50, 3.748929, -1.590061, -2, -1000, -1000, -1000, -1000, -1000, -1000
02/12/2020 13:52:50, 3.990602, -1.42018, -2, -1000, -1000, -1000, -1000, -1000, -1000
02/12/2020 13:52:50, 4.213647, -1.24866, -2, -1000, -1000, -1000, -1000, -1000, -1000
02/12/2020 13:52:50, 4.41845, -1.077455, -2, -1000, -1000, -1000, -1000, -1000, -1000
02/12/2020 13:52:50, 4.605519, -0.9084063, -2, -1000, -1000, -1000, -1000, -1000, -1000
02/12/2020 13:52:50, 4.775559, -0.7431307, -2, -1000, -1000, -1000, -1000, -1000, -1000
02/12/2020 13:52:50, 4.929328, -0.5831189, -2, -1000, -1000, -1000, -1000, -1000, -1000
02/12/2020 13:52:50, 5.067698, -0.4296379, -2, -1000, -1000, -1000, -1000, -1000, -1000
02/12/2020 13:52:50, 5.191534, -0.283834, -2, -1000, -1000, -1000, -1000, -1000, -1000
02/12/2020 13:52:50, 5.301748, -0.1466517, -2, -1000, -1000, -1000, -1000, -1000, -1000
02/12/2020 13:52:50, 5.399208, -0.01893139, -2, -1000, -1000, -1000, -1000, -1000, -1000
02/12/2020 13:52:50, 5.484776, 0.09865499, -2, -1000, -1000, -1000, -1000, -1000, -1000
02/12/2020 13:52:50, 5.55924, 0.2055173, -2, -1000, -1000, -1000, -1000, -1000, -1000
02/12/2020 13:52:50, 5.623356, 0.3011994, -2, -1000, -1000, -1000, -1000, -1000, -1000
02/12/2020 13:52:50, 5.677784, 0.3853056, -2, -1000, -1000, -1000, -1000, -1000, -1000
02/12/2020 13:52:50, 5.723135, 0.457545, -2, -1000, -1000, -1000, -1000, -1000, -1000
02/12/2020 13:52:50, 5.759913, 0.5176642, -2, -1000, -1000, -1000, -1000, -1000, -1000
02/12/2020 13:52:50, 5.788556, 0.5654881, -2, -1000, -1000, -1000, -1000, -1000, -1000
02/12/2020 13:52:50, 5.809406, 0.6008737, -2, -1000, -1000, -1000, -1000, -1000, -1000
02/12/2020 13:52:50, 5.822719, 0.6237302, -2, -1000, -1000, -1000, -1000, -1000, -1000
02/12/2020 13:52:50, 5.828658, 0.6339943, -2, -1000, -1000, -1000, -1000, -1000, -1000
02/12/2020 13:52:50, 5.8273, 0.6316423, -2, -1000, -1000, -1000, -1000, -1000, -1000
02/12/2020 13:52:50, 5.818627, 0.6166813, -2, -1000, -1000, -1000, -1000, -1000, -1000
02/12/2020 13:52:50, 5.802528, 0.5891457, -2, -1000, -1000, -1000, -1000, -1000, -1000
02/12/2020 13:52:51, 5.778809, 0.5491126, -2, -1000, -1000, -1000, -1000, -1000, -1000
02/12/2020 13:52:51, 5.747177, 0.496686, -2, -1000, -1000, -1000, -1000, -1000, -1000
02/12/2020 13:52:51, 5.707261, 0.4320276, -2, -1000, -1000, -1000, -1000, -1000, -1000
02/12/2020 13:52:51, 5.658592, 0.3553333, -2, -1000, -1000, -1000, -1000, -1000, -1000
02/12/2020 13:52:51, 5.600627, 0.2668748, -2, -1000, -1000, -1000, -1000, -1000, -1000
02/12/2020 13:52:51, 5.532735, 0.1669731, -2, -1000, -1000, -1000, -1000, -1000, -1000
02/12/2020 13:52:51, 5.454226, 0.05605769, -2, -1000, -1000, -1000, -1000, -1000, -1000
02/12/2020 13:52:51, 5.364319, -0.06538248, -2, -1000, -1000, -1000, -1000, -1000, -1000
02/12/2020 13:52:51, 5.262211, -0.1967115, -2, -1000, -1000, -1000, -1000, -1000, -1000
02/12/2020 13:52:51, 5.14702, -0.3372154, -2, -1000, -1000, -1000, -1000, -1000, -1000
02/12/2020 13:52:51, 5.017877, -0.4859972, -2, -1000, -1000, -1000, -1000, -1000, -1000
02/12/2020 13:52:51, 4.873865, -0.6420574, -2, -1000, -1000, -1000, -1000, -1000, -1000
02/12/2020 13:52:51, 4.714133, -0.8041859, -2, -1000, -1000, -1000, -1000, -1000, -1000
02/12/2020 13:52:51, 4.537828, -0.9710531, -2, -1000, -1000, -1000, -1000, -1000, -1000
02/12/2020 13:52:51, 4.344229, -1.141102, -2, -1000, -1000, -1000, -1000, -1000, -1000
02/12/2020 13:52:51, 4.132674, -1.312651, -2, -1000, -1000, -1000, -1000, -1000, -1000
02/12/2020 13:52:51, 3.902721, -1.483797, -2, -1000, -1000, -1000, -1000, -1000, -1000
02/12/2020 13:52:51, 3.654052, -1.652535, -2, -1000, -1000, -1000, -1000, -1000, -1000
02/12/2020 13:52:51, 3.386663, -1.81668, -2, -1000, -1000, -1000, -1000, -1000, -1000
02/12/2020 13:52:51, 3.100744, -1.973997, -2, -1000, -1000, -1000, -1000, -1000, -1000
02/12/2020 13:52:51, 2.796878, -2.122151, -2, -1000, -1000, -1000, -1000, -1000, -1000
02/12/2020 13:52:51, 2.475891, -2.258851, -2, -1000, -1000, -1000, -1000, -1000, -1000
02/12/2020 13:52:51, 2.139056, -2.381825, -2, -1000, -1000, -1000, -1000, -1000, -1000
02/12/2020 13:52:51, 1.787898, -2.488966, -2, -1000, -1000, -1000, -1000, -1000, -1000
02/12/2020 13:52:51, 1.424385, -2.578327, -2, -1000, -1000, -1000, -1000, -1000, -1000
02/12/2020 13:52:51, 1.050689, -2.648256, -2, -1000, -1000, -1000, -1000, -1000, -1000
02/12/2020 13:52:51, 0.6693608, -2.697403, -2, -1000, -1000, -1000, -1000, -1000, -1000
02/12/2020 13:52:51, 0.2830476, -2.724815, -2, -1000, -1000, -1000, -1000, -1000, -1000
02/12/2020 13:52:51, -0.1053497, -2.729945, -2, -1000, -1000, -1000, -1000, -1000, -1000
02/12/2020 13:52:51, -0.4929887, -2.712691, -2, -1000, -1000, -1000, -1000, -1000, -1000
02/12/2020 13:52:51, -0.8769307, -2.673398, -2, -1000, -1000, -1000, -1000, -1000, -1000
02/12/2020 13:52:51, -1.254457, -2.612835, -2, -1000, -1000, -1000, -1000, -1000, -1000
02/12/2020 13:52:51, -1.622912, -2.532183, -2, -1000, -1000, -1000, -1000, -1000, -1000
02/12/2020 13:52:51, -1.979995, -2.432952, -2, -1000, -1000, -1000, -1000, -1000, -1000
02/12/2020 13:52:51, -2.323591, -2.316976, -2, -1000, -1000, -1000, -1000, -1000, -1000
02/12/2020 13:52:51, -2.652016, -2.18628, -2, -1000, -1000, -1000, -1000, -1000, -1000
02/12/2020 13:52:51, -2.963837, -2.043089, -2, -1000, -1000, -1000, -1000, -1000, -1000
02/12/2020 13:52:51, -3.258068, -1.889673, -2, -1000, -1000, -1000, -1000, -1000, -1000
02/12/2020 13:52:51, -3.533975, -1.728374, -2, -1000, -1000, -1000, -1000, -1000, -1000
02/12/2020 13:52:51, -3.791233, -1.561458, -2, -1000, -1000, -1000, -1000, -1000, -1000
02/12/2020 13:52:51, -4.029723, -1.391159, -2, -1000, -1000, -1000, -1000, -1000, -1000
02/12/2020 13:52:52, -4.249659, -1.219545, -2, -1000, -1000, -1000, -1000, -1000, -1000
02/12/2020 13:52:52, -4.451399, -1.048594, -2, -1000, -1000, -1000, -1000, -1000, -1000
02/12/2020 13:52:52, -4.63554, -0.880064, -2, -1000, -1000, -1000, -1000, -1000, -1000
02/12/2020 13:52:52, -4.802752, -0.7155933, -2, -1000, -1000, -1000, -1000, -1000, -1000
02/12/2020 13:52:52, -4.953859, -0.5565929, -2, -1000, -1000, -1000, -1000, -1000, -1000
02/12/2020 13:52:52, -5.089693, -0.4043484, -2, -1000, -1000, -1000, -1000, -1000, -1000
02/12/2020 13:52:52, -5.211163, -0.2599335, -2, -1000, -1000, -1000, -1000, -1000, -1000
02/12/2020 13:52:52, -5.319147, -0.12431, -2, -1000, -1000, -1000, -1000, -1000, -1000
02/12/2020 13:52:52, -5.414536, 0.001744509, -2, -1000, -1000, -1000, -1000, -1000, -1000
02/12/2020 13:52:52, -5.498162, 0.1175425, -2, -1000, -1000, -1000, -1000, -1000, -1000
02/12/2020 13:52:52, -5.570826, 0.2225459, -2, -1000, -1000, -1000, -1000, -1000, -1000
02/12/2020 13:52:52, -5.633248, 0.3162837, -2, -1000, -1000, -1000, -1000, -1000, -1000
02/12/2020 13:52:52, -5.686101, 0.3984029, -2, -1000, -1000, -1000, -1000, -1000, -1000
02/12/2020 13:52:52, -5.729959, 0.468596, -2, -1000, -1000, -1000, -1000, -1000, -1000
02/12/2020 13:52:52, -5.765333, 0.5266461, -2, -1000, -1000, -1000, -1000, -1000, -1000
02/12/2020 13:52:52, -5.792632, 0.5723662, -2, -1000, -1000, -1000, -1000, -1000, -1000
02/12/2020 13:52:52, -5.812189, 0.6056349, -2, -1000, -1000, -1000, -1000, -1000, -1000
02/12/2020 13:52:52, -5.824242, 0.626358, -2, -1000, -1000, -1000, -1000, -1000, -1000
02/12/2020 13:52:52, -5.828942, 0.634485, -2, -1000, -1000, -1000, -1000, -1000, -1000
02/12/2020 13:52:52, -5.826346, 0.6299934, -2, -1000, -1000, -1000, -1000, -1000, -1000
02/12/2020 13:52:52, -5.816423, 0.612895, -2, -1000, -1000, -1000, -1000, -1000, -1000
02/12/2020 13:52:52, -5.79905, 0.5832355, -2, -1000, -1000, -1000, -1000, -1000, -1000
02/12/2020 13:52:52, -5.77401, 0.5410891, -2, -1000, -1000, -1000, -1000, -1000, -1000
02/12/2020 13:52:52, -5.741004, 0.4865792, -2, -1000, -1000, -1000, -1000, -1000, -1000
02/12/2020 13:52:52, -5.699636, 0.4198601, -2, -1000, -1000, -1000, -1000, -1000, -1000
02/12/2020 13:52:52, -5.649434, 0.3411546, -2, -1000, -1000, -1000, -1000, -1000, -1000
02/12/2020 13:52:52, -5.589829, 0.2507248, -2, -1000, -1000, -1000, -1000, -1000, -1000
02/12/2020 13:52:52, -5.520192, 0.1489308, -2, -1000, -1000, -1000, -1000, -1000, -1000
02/12/2020 13:52:52, -5.4398, 0.03618455, -2, -1000, -1000, -1000, -1000, -1000, -1000
02/12/2020 13:52:52, -5.34789, -0.08697128, -2, -1000, -1000, -1000, -1000, -1000, -1000
02/12/2020 13:52:52, -5.243617, -0.2199211, -2, -1000, -1000, -1000, -1000, -1000, -1000
02/12/2020 13:52:52, -5.126131, -0.3618841, -2, -1000, -1000, -1000, -1000, -1000, -1000
02/12/2020 13:52:52, -4.99452, -0.5119867, -2, -1000, -1000, -1000, -1000, -1000, -1000
02/12/2020 13:52:52, -4.847913, -0.6691532, -2, -1000, -1000, -1000, -1000, -1000, -1000
02/12/2020 13:52:52, -4.685417, -0.8321962, -2, -1000, -1000, -1000, -1000, -1000, -1000
02/12/2020 13:52:52, -4.50624, -0.9997048, -2, -1000, -1000, -1000, -1000, -1000, -1000
02/12/2020 13:52:52, -4.309625, -1.170144, -2, -1000, -1000, -1000, -1000, -1000, -1000
02/12/2020 13:52:52, -4.094992, -1.34175, -2, -1000, -1000, -1000, -1000, -1000, -1000
02/12/2020 13:52:52, -3.861864, -1.512646, -2, -1000, -1000, -1000, -1000, -1000, -1000
02/12/2020 13:52:52, -3.610032, -1.68075, -2, -1000, -1000, -1000, -1000, -1000, -1000
02/12/2020 13:52:53, -3.33946, -1.843908, -2, -1000, -1000, -1000, -1000, -1000, -1000
02/12/2020 13:52:53, -3.050468, -1.999825, -2, -1000, -1000, -1000, -1000, -1000, -1000
02/12/2020 13:52:53, -2.743608, -2.146208, -2, -1000, -1000, -1000, -1000, -1000, -1000
02/12/2020 13:52:53, -2.419858, -2.280728, -2, -1000, -1000, -1000, -1000, -1000, -1000
02/12/2020 13:52:53, -2.080453, -2.401169, -2, -1000, -1000, -1000, -1000, -1000, -1000
02/12/2020 13:52:53, -1.727077, -2.505417, -2, -1000, -1000, -1000, -1000, -1000, -1000
02/12/2020 13:52:53, -1.361649, -2.591598, -2, -1000, -1000, -1000, -1000, -1000, -1000
02/12/2020 13:52:53, -0.9865006, -2.658083, -2, -1000, -1000, -1000, -1000, -1000, -1000
02/12/2020 13:52:53, -0.6041083, -2.703604, -2, -1000, -1000, -1000, -1000, -1000, -1000
02/12/2020 13:52:53, -0.2172631, -2.727262, -2, -1000, -1000, -1000, -1000, -1000, -1000
02/12/2020 13:52:53, 0.1712353, -2.72859, -2, -1000, -1000, -1000, -1000, -1000, -1000
02/12/2020 13:52:53, 0.5584233, -2.707564, -2, -1000, -1000, -1000, -1000, -1000, -1000
02/12/2020 13:52:53, 0.9414927, -2.664597, -2, -1000, -1000, -1000, -1000, -1000, -1000
02/12/2020 13:52:53, 1.317634, -2.600537, -2, -1000, -1000, -1000, -1000, -1000, -1000
02/12/2020 13:52:53, 1.684343, -2.516613, -2, -1000, -1000, -1000, -1000, -1000, -1000
