4/03/2021 11:30:07 AM, -4.561146, -0.949667, -2, -1000, -1000, -1000, -1000, -1000, -1000
4/03/2021 11:30:07 AM, -4.621059, -0.8937783, -2, -1000, -1000, -1000, -1000, -1000, -1000
4/03/2021 11:30:07 AM, -4.679086, -0.8383269, -2, -1000, -1000, -1000, -1000, -1000, -1000
4/03/2021 11:30:07 AM, -4.735255, -0.7833686, -2, -1000, -1000, -1000, -1000, -1000, -1000
4/03/2021 11:30:07 AM, -4.789596, -0.7289562, -2, -1000, -1000, -1000, -1000, -1000, -1000
4/03/2021 11:30:07 AM, -4.842162, -0.6751175, -2, -1000, -1000, -1000, -1000, -1000, -1000
4/03/2021 11:30:07 AM, -4.892937, -0.6219497, -2, -1000, -1000, -1000, -1000, -1000, -1000
4/03/2021 11:30:07 AM, -4.941976, -0.569478, -2, -1000, -1000, -1000, -1000, -1000, -1000
4/03/2021 11:30:07 AM, -4.989313, -0.5177445, -2, -1000, -1000, -1000, -1000, -1000, -1000
4/03/2021 11:30:07 AM, -5.034978, -0.466794, -2, -1000, -1000, -1000, -1000, -1000, -1000
4/03/2021 11:30:07 AM, -5.079007, -0.416667, -2, -1000, -1000, -1000, -1000, -1000, -1000
4/03/2021 11:30:07 AM, -5.121449, -0.3673811, -2, -1000, -1000, -1000, -1000, -1000, -1000
4/03/2021 11:30:07 AM, -5.162302, -0.3190165, -2, -1000, -1000, -1000, -1000, -1000, -1000
4/03/2021 11:30:07 AM, -5.201615, -0.2715874, -2, -1000, -1000, -1000, -1000, -1000, -1000
4/03/2021 11:30:07 AM, -5.239424, -0.2251263, -2, -1000, -1000, -1000, -1000, -1000, -1000
4/03/2021 11:30:07 AM, -5.275762, -0.1796646, -2, -1000, -1000, -1000, -1000, -1000, -1000
4/03/2021 11:30:07 AM, -5.310659, -0.1352334, -2, -1000, -1000, -1000, -1000, -1000, -1000
4/03/2021 11:30:07 AM, -5.344165, -0.09184027, -2, -1000, -1000, -1000, -1000, -1000, -1000
4/03/2021 11:30:07 AM, -5.376279, -0.04955244, -2, -1000, -1000, -1000, -1000, -1000, -1000
4/03/2021 11:30:07 AM, -5.407051, -0.00837326, -2, -1000, -1000, -1000, -1000, -1000, -1000
4/03/2021 11:30:07 AM, -5.436508, 0.03167176, -2, -1000, -1000, -1000, -1000, -1000, -1000
4/03/2021 11:30:07 AM, -5.464684, 0.07056141, -2, -1000, -1000, -1000, -1000, -1000, -1000
4/03/2021 11:30:07 AM, -5.491605, 0.1082752, -2, -1000, -1000, -1000, -1000, -1000, -1000
4/03/2021 11:30:07 AM, -5.517314, 0.1448092, -2, -1000, -1000, -1000, -1000, -1000, -1000
4/03/2021 11:30:07 AM, -5.541815, 0.1801124, -2, -1000, -1000, -1000, -1000, -1000, -1000
4/03/2021 11:30:07 AM, -5.565146, 0.2141843, -2, -1000, -1000, -1000, -1000, -1000, -1000
4/03/2021 11:30:07 AM, -5.587335, 0.247009, -2, -1000, -1000, -1000, -1000, -1000, -1000
4/03/2021 11:30:07 AM, -5.608407, 0.2785721, -2, -1000, -1000, -1000, -1000, -1000, -1000
4/03/2021 11:30:07 AM, -5.628386, 0.3088591, -2, -1000, -1000, -1000, -1000, -1000, -1000
4/03/2021 11:30:07 AM, -5.647306, 0.3378711, -2, -1000, -1000, -1000, -1000, -1000, -1000
4/03/2021 11:30:07 AM, -5.665171, 0.3655684, -2, -1000, -1000, -1000, -1000, -1000, -1000
4/03/2021 11:30:07 AM, -5.682012, 0.3919547, -2, -1000, -1000, -1000, -1000, -1000, -1000
4/03/2021 11:30:07 AM, -5.697851, 0.4170189, -2, -1000, -1000, -1000, -1000, -1000, -1000
4/03/2021 11:30:08 AM, -5.712706, 0.440752, -2, -1000, -1000, -1000, -1000, -1000, -1000
4/03/2021 11:30:08 AM, -5.726597, 0.463145, -2, -1000, -1000, -1000, -1000, -1000, -1000
4/03/2021 11:30:08 AM, -5.739547, 0.4841998, -2, -1000, -1000, -1000, -1000, -1000, -1000
4/03/2021 11:30:08 AM, -5.751562, 0.5038898, -2, -1000, -1000, -1000, -1000, -1000, -1000
4/03/2021 11:30:08 AM, -5.762663, 0.5222182, -2, -1000, -1000, -1000, -1000, -1000, -1000
4/03/2021 11:30:08 AM, -5.772865, 0.5391786, -2, -1000, -1000, -1000, -1000, -1000, -1000
4/03/2021 11:30:08 AM, -5.782181, 0.5547664, -2, -1000, -1000, -1000, -1000, -1000, -1000
4/03/2021 11:30:08 AM, -5.790624, 0.5689757, -2, -1000, -1000, -1000, -1000, -1000, -1000
4/03/2021 11:30:08 AM, -5.798209, 0.5818088, -2, -1000, -1000, -1000, -1000, -1000, -1000
4/03/2021 11:30:08 AM, -5.804937, 0.5932484, -2, -1000, -1000, -1000, -1000, -1000, -1000
4/03/2021 11:30:08 AM, -5.810824, 0.6032987, -2, -1000, -1000, -1000, -1000, -1000, -1000
4/03/2021 11:30:08 AM, -5.815877, 0.6119571, -2, -1000, -1000, -1000, -1000, -1000, -1000
4/03/2021 11:30:08 AM, -5.820101, 0.6192195, -2, -1000, -1000, -1000, -1000, -1000, -1000
4/03/2021 11:30:08 AM, -5.823504, 0.6250849, -2, -1000, -1000, -1000, -1000, -1000, -1000
4/03/2021 11:30:08 AM, -5.826092, 0.6295531, -2, -1000, -1000, -1000, -1000, -1000, -1000
4/03/2021 11:30:08 AM, -5.827864, 0.6326189, -2, -1000, -1000, -1000, -1000, -1000, -1000
4/03/2021 11:30:08 AM, -5.828826, 0.634284, -2, -1000, -1000, -1000, -1000, -1000, -1000
4/03/2021 11:30:08 AM, -5.828979, 0.6345477, -2, -1000, -1000, -1000, -1000, -1000, -1000
4/03/2021 11:30:08 AM, -5.828321, 0.6334093, -2, -1000, -1000, -1000, -1000, -1000, -1000
4/03/2021 11:30:08 AM, -5.826853, 0.6308699, -2, -1000, -1000, -1000, -1000, -1000, -1000
4/03/2021 11:30:08 AM, -5.824572, 0.6269283, -2, -1000, -1000, -1000, -1000, -1000, -1000
4/03/2021 11:30:08 AM, -5.821477, 0.6215887, -2, -1000, -1000, -1000, -1000, -1000, -1000
4/03/2021 11:30:08 AM, -5.817561, 0.6148508, -2, -1000, -1000, -1000, -1000, -1000, -1000
4/03/2021 11:30:08 AM, -5.812821, 0.6067171, -2, -1000, -1000, -1000, -1000, -1000, -1000
4/03/2021 11:30:08 AM, -5.807249, 0.5971901, -2, -1000, -1000, -1000, -1000, -1000, -1000
4/03/2021 11:30:08 AM, -5.800838, 0.5862718, -2, -1000, -1000, -1000, -1000, -1000, -1000
4/03/2021 11:30:08 AM, -5.793575, 0.5739605, -2, -1000, -1000, -1000, -1000, -1000, -1000
4/03/2021 11:30:08 AM, -5.785458, 0.5602705, -2, -1000, -1000, -1000, -1000, -1000, -1000
4/03/2021 11:30:08 AM, -5.776471, 0.5452003, -2, -1000, -1000, -1000, -1000, -1000, -1000
4/03/2021 11:30:08 AM, -5.766603, 0.5287554, -2, -1000, -1000, -1000, -1000, -1000, -1000
4/03/2021 11:30:08 AM, -5.755843, 0.510941, -2, -1000, -1000, -1000, -1000, -1000, -1000
4/03/2021 11:30:08 AM, -5.744173, 0.4917619, -2, -1000, -1000, -1000, -1000, -1000, -1000
4/03/2021 11:30:08 AM, -5.731574, 0.4712162, -2, -1000, -1000, -1000, -1000, -1000, -1000
4/03/2021 11:30:08 AM, -5.718041, 0.4493284, -2, -1000, -1000, -1000, -1000, -1000, -1000
4/03/2021 11:30:08 AM, -5.70355, 0.4260983, -2, -1000, -1000, -1000, -1000, -1000, -1000
4/03/2021 11:30:08 AM, -5.688083, 0.4015334, -2, -1000, -1000, -1000, -1000, -1000, -1000
4/03/2021 11:30:08 AM, -5.671622, 0.375643, -2, -1000, -1000, -1000, -1000, -1000, -1000
4/03/2021 11:30:08 AM, -5.654144, 0.3484375, -2, -1000, -1000, -1000, -1000, -1000, -1000
4/03/2021 11:30:08 AM, -5.635621, 0.3199136, -2, -1000, -1000, -1000, -1000, -1000, -1000
4/03/2021 11:30:08 AM, -5.616046, 0.2901096, -2, -1000, -1000, -1000, -1000, -1000, -1000
4/03/2021 11:30:08 AM, -5.595387, 0.2590244, -2, -1000, -1000, -1000, -1000, -1000, -1000
4/03/2021 11:30:08 AM, -5.573621, 0.2266724, -2, -1000, -1000, -1000, -1000, -1000, -1000
4/03/2021 11:30:08 AM, -5.550722, 0.1930671, -2, -1000, -1000, -1000, -1000, -1000, -1000
4/03/2021 11:30:08 AM, -5.526665, 0.1582255, -2, -1000, -1000, -1000, -1000, -1000, -1000
4/03/2021 11:30:08 AM, -5.501409, 0.1221454, -2, -1000, -1000, -1000, -1000, -1000, -1000
4/03/2021 11:30:08 AM, -5.474951, 0.0848794, -2, -1000, -1000, -1000, -1000, -1000, -1000
4/03/2021 11:30:08 AM, -5.44725, 0.0464294, -2, -1000, -1000, -1000, -1000, -1000, -1000
4/03/2021 11:30:08 AM, -5.418278, 0.006816387, -2, -1000, -1000, -1000, -1000, -1000, -1000
4/03/2021 11:30:08 AM, -5.388004, -0.03393936, -2, -1000, -1000, -1000, -1000, -1000, -1000
4/03/2021 11:30:08 AM, -5.356399, -0.07581282, -2, -1000, -1000, -1000, -1000, -1000, -1000
4/03/2021 11:30:09 AM, -5.323413, -0.1188011, -2, -1000, -1000, -1000, -1000, -1000, -1000
4/03/2021 11:30:09 AM, -5.289049, -0.162838, -2, -1000, -1000, -1000, -1000, -1000, -1000
4/03/2021 11:30:09 AM, -5.253256, -0.2079153, -2, -1000, -1000, -1000, -1000, -1000, -1000
4/03/2021 11:30:09 AM, -5.216004, -0.254004, -2, -1000, -1000, -1000, -1000, -1000, -1000
4/03/2021 11:30:09 AM, -5.17726, -0.3010731, -2, -1000, -1000, -1000, -1000, -1000, -1000
4/03/2021 11:30:09 AM, -5.136991, -0.3490901, -2, -1000, -1000, -1000, -1000, -1000, -1000
4/03/2021 11:30:09 AM, -5.095142, -0.3980427, -2, -1000, -1000, -1000, -1000, -1000, -1000
4/03/2021 11:30:09 AM, -5.051722, -0.4478493, -2, -1000, -1000, -1000, -1000, -1000, -1000
4/03/2021 11:30:09 AM, -5.006675, -0.4984951, -2, -1000, -1000, -1000, -1000, -1000, -1000
4/03/2021 11:30:09 AM, -4.959971, -0.5499387, -2, -1000, -1000, -1000, -1000, -1000, -1000
4/03/2021 11:30:09 AM, -4.911576, -0.602138, -2, -1000, -1000, -1000, -1000, -1000, -1000
4/03/2021 11:30:09 AM, -4.861457, -0.6550493, -2, -1000, -1000, -1000, -1000, -1000, -1000
4/03/2021 11:30:09 AM, -4.809559, -0.7086511, -2, -1000, -1000, -1000, -1000, -1000, -1000
4/03/2021 11:30:09 AM, -4.755898, -0.7628446, -2, -1000, -1000, -1000, -1000, -1000, -1000
4/03/2021 11:30:09 AM, -4.70042, -0.8176036, -2, -1000, -1000, -1000, -1000, -1000, -1000
4/03/2021 11:30:09 AM, -4.643095, -0.8728762, -2, -1000, -1000, -1000, -1000, -1000, -1000
4/03/2021 11:30:09 AM, -4.583894, -0.928607, -2, -1000, -1000, -1000, -1000, -1000, -1000
4/03/2021 11:30:09 AM, -4.52279, -0.9847393, -2, -1000, -1000, -1000, -1000, -1000, -1000
4/03/2021 11:30:09 AM, -4.459727, -1.041238, -2, -1000, -1000, -1000, -1000, -1000, -1000
4/03/2021 11:30:09 AM, -4.39474, -1.097991, -2, -1000, -1000, -1000, -1000, -1000, -1000
4/03/2021 11:30:09 AM, -4.327775, -1.154961, -2, -1000, -1000, -1000, -1000, -1000, -1000
4/03/2021 11:30:09 AM, -4.25881, -1.212081, -2, -1000, -1000, -1000, -1000, -1000, -1000
4/03/2021 11:30:09 AM, -4.187828, -1.269283, -2, -1000, -1000, -1000, -1000, -1000, -1000
4/03/2021 11:30:09 AM, -4.114811, -1.326498, -2, -1000, -1000, -1000, -1000, -1000, -1000
4/03/2021 11:30:09 AM, -4.03971, -1.383678, -2, -1000, -1000, -1000, -1000, -1000, -1000
4/03/2021 11:30:09 AM, -3.962579, -1.440701, -2, -1000, -1000, -1000, -1000, -1000, -1000
4/03/2021 11:30:09 AM, -3.883376, -1.497512, -2, -1000, -1000, -1000, -1000, -1000, -1000
4/03/2021 11:30:09 AM, -3.802093, -1.554039, -2, -1000, -1000, -1000, -1000, -1000, -1000
4/03/2021 11:30:09 AM, -3.718726, -1.610199, -2, -1000, -1000, -1000, -1000, -1000, -1000
4/03/2021 11:30:09 AM, -3.633274, -1.665913, -2, -1000, -1000, -1000, -1000, -1000, -1000
4/03/2021 11:30:09 AM, -3.5457, -1.721125, -2, -1000, -1000, -1000, -1000, -1000, -1000
4/03/2021 11:30:09 AM, -3.456088, -1.7757, -2, -1000, -1000, -1000, -1000, -1000, -1000
4/03/2021 11:30:09 AM, -3.364408, -1.829581, -2, -1000, -1000, -1000, -1000, -1000, -1000
4/03/2021 11:30:09 AM, -3.270674, -1.882682, -2, -1000, -1000, -1000, -1000, -1000, -1000
4/03/2021 11:30:09 AM, -3.174902, -1.934918, -2, -1000, -1000, -1000, -1000, -1000, -1000
4/03/2021 11:30:09 AM, -3.077114, -1.986203, -2, -1000, -1000, -1000, -1000, -1000, -1000
4/03/2021 11:30:09 AM, -2.977287, -2.036474, -2, -1000, -1000, -1000, -1000, -1000, -1000
4/03/2021 11:30:09 AM, -2.875542, -2.085599, -2, -1000, -1000, -1000, -1000, -1000, -1000
4/03/2021 11:30:09 AM, -2.771868, -2.133514, -2, -1000, -1000, -1000, -1000, -1000, -1000
4/03/2021 11:30:09 AM, -2.666302, -2.180137, -2, -1000, -1000, -1000, -1000, -1000, -1000
4/03/2021 11:30:09 AM, -2.558886, -2.22538, -2, -1000, -1000, -1000, -1000, -1000, -1000
4/03/2021 11:30:09 AM, -2.449666, -2.269162, -2, -1000, -1000, -1000, -1000, -1000, -1000
4/03/2021 11:30:09 AM, -2.338641, -2.311419, -2, -1000, -1000, -1000, -1000, -1000, -1000
4/03/2021 11:30:09 AM, -2.225969, -2.352033, -2, -1000, -1000, -1000, -1000, -1000, -1000
4/03/2021 11:30:09 AM, -2.111658, -2.390943, -2, -1000, -1000, -1000, -1000, -1000, -1000
4/03/2021 11:30:09 AM, -1.995772, -2.428075, -2, -1000, -1000, -1000, -1000, -1000, -1000
4/03/2021 11:30:09 AM, -1.878379, -2.463354, -2, -1000, -1000, -1000, -1000, -1000, -1000
4/03/2021 11:30:09 AM, -1.759551, -2.496709, -2, -1000, -1000, -1000, -1000, -1000, -1000
4/03/2021 11:30:09 AM, -1.639308, -2.528087, -2, -1000, -1000, -1000, -1000, -1000, -1000
4/03/2021 11:30:09 AM, -1.517841, -2.557394, -2, -1000, -1000, -1000, -1000, -1000, -1000
4/03/2021 11:30:10 AM, -1.395177, -2.584583, -2, -1000, -1000, -1000, -1000, -1000, -1000
4/03/2021 11:30:10 AM, -1.271405, -2.609598, -2, -1000, -1000, -1000, -1000, -1000, -1000
4/03/2021 11:30:10 AM, -1.146614, -2.632385, -2, -1000, -1000, -1000, -1000, -1000, -1000
4/03/2021 11:30:10 AM, -1.020897, -2.652896, -2, -1000, -1000, -1000, -1000, -1000, -1000
4/03/2021 11:30:10 AM, -0.8942928, -2.671094, -2, -1000, -1000, -1000, -1000, -1000, -1000
4/03/2021 11:30:10 AM, -0.7670154, -2.686923, -2, -1000, -1000, -1000, -1000, -1000, -1000
4/03/2021 11:30:10 AM, -0.6391082, -2.700358, -2, -1000, -1000, -1000, -1000, -1000, -1000
4/03/2021 11:30:10 AM, -0.5106738, -2.711369, -2, -1000, -1000, -1000, -1000, -1000, -1000
4/03/2021 11:30:10 AM, -0.3818164, -2.719931, -2, -1000, -1000, -1000, -1000, -1000, -1000
4/03/2021 11:30:10 AM, -0.2526428, -2.726026, -2, -1000, -1000, -1000, -1000, -1000, -1000
4/03/2021 11:30:10 AM, -0.1231995, -2.729641, -2, -1000, -1000, -1000, -1000, -1000, -1000
4/03/2021 11:30:10 AM, 0.006287209, -2.730766, -2, -1000, -1000, -1000, -1000, -1000, -1000
4/03/2021 11:30:10 AM, 0.135769, -2.7294, -2, -1000, -1000, -1000, -1000, -1000, -1000
4/03/2021 11:30:10 AM, 0.2651366, -2.725545, -2, -1000, -1000, -1000, -1000, -1000, -1000
4/03/2021 11:30:10 AM, 0.3942851, -2.719211, -2, -1000, -1000, -1000, -1000, -1000, -1000
4/03/2021 11:30:10 AM, 0.5231058, -2.710411, -2, -1000, -1000, -1000, -1000, -1000, -1000
4/03/2021 11:30:10 AM, 0.6515526, -2.699159, -2, -1000, -1000, -1000, -1000, -1000, -1000
4/03/2021 11:30:10 AM, 0.7794029, -2.685491, -2, -1000, -1000, -1000, -1000, -1000, -1000
4/03/2021 11:30:10 AM, 0.9066135, -2.669431, -2, -1000, -1000, -1000, -1000, -1000, -1000
4/03/2021 11:30:10 AM, 1.033084, -2.651014, -2, -1000, -1000, -1000, -1000, -1000, -1000
4/03/2021 11:30:10 AM, 1.158716, -2.630281, -2, -1000, -1000, -1000, -1000, -1000, -1000
4/03/2021 11:30:10 AM, 1.283412, -2.607277, -2, -1000, -1000, -1000, -1000, -1000, -1000
4/03/2021 11:30:10 AM, 1.407138, -2.582037, -2, -1000, -1000, -1000, -1000, -1000, -1000
4/03/2021 11:30:10 AM, 1.529688, -2.55464, -2, -1000, -1000, -1000, -1000, -1000, -1000
4/03/2021 11:30:10 AM, 1.651036, -2.525131, -2, -1000, -1000, -1000, -1000, -1000, -1000
4/03/2021 11:30:10 AM, 1.771095, -2.493572, -2, -1000, -1000, -1000, -1000, -1000, -1000
4/03/2021 11:30:10 AM, 1.889788, -2.460028, -2, -1000, -1000, -1000, -1000, -1000, -1000
4/03/2021 11:30:10 AM, 2.007038, -2.424566, -2, -1000, -1000, -1000, -1000, -1000, -1000
4/03/2021 11:30:10 AM, 2.122827, -2.387242, -2, -1000, -1000, -1000, -1000, -1000, -1000
4/03/2021 11:30:10 AM, 2.236982, -2.348162, -2, -1000, -1000, -1000, -1000, -1000, -1000
4/03/2021 11:30:10 AM, 2.349491, -2.307388, -2, -1000, -1000, -1000, -1000, -1000, -1000
4/03/2021 11:30:10 AM, 2.460298, -2.264997, -2, -1000, -1000, -1000, -1000, -1000, -1000
4/03/2021 11:30:10 AM, 2.569346, -2.22107, -2, -1000, -1000, -1000, -1000, -1000, -1000
4/03/2021 11:30:10 AM, 2.676585, -2.17569, -2, -1000, -1000, -1000, -1000, -1000, -1000
4/03/2021 11:30:10 AM, 2.782018, -2.128918, -2, -1000, -1000, -1000, -1000, -1000, -1000
4/03/2021 11:30:10 AM, 2.885506, -2.080881, -2, -1000, -1000, -1000, -1000, -1000, -1000
4/03/2021 11:30:10 AM, 2.987062, -2.031643, -2, -1000, -1000, -1000, -1000, -1000, -1000
4/03/2021 11:30:10 AM, 3.086652, -1.98129, -2, -1000, -1000, -1000, -1000, -1000, -1000
4/03/2021 11:30:10 AM, 3.184246, -1.92991, -2, -1000, -1000, -1000, -1000, -1000, -1000
4/03/2021 11:30:10 AM, 3.279821, -1.877587, -2, -1000, -1000, -1000, -1000, -1000, -1000
4/03/2021 11:30:10 AM, 3.373401, -1.824382, -2, -1000, -1000, -1000, -1000, -1000, -1000
4/03/2021 11:30:10 AM, 3.464879, -1.770431, -2, -1000, -1000, -1000, -1000, -1000, -1000
4/03/2021 11:30:10 AM, 3.55429, -1.715792, -2, -1000, -1000, -1000, -1000, -1000, -1000
4/03/2021 11:30:10 AM, 3.641623, -1.660551, -2, -1000, -1000, -1000, -1000, -1000, -1000
4/03/2021 11:30:10 AM, 3.726874, -1.60479, -2, -1000, -1000, -1000, -1000, -1000, -1000
4/03/2021 11:30:10 AM, 3.810039, -1.548591, -2, -1000, -1000, -1000, -1000, -1000, -1000
4/03/2021 11:30:10 AM, 3.891157, -1.492007, -2, -1000, -1000, -1000, -1000, -1000, -1000
4/03/2021 11:30:10 AM, 3.970158, -1.435172, -2, -1000, -1000, -1000, -1000, -1000, -1000
4/03/2021 11:30:10 AM, 4.04709, -1.378133, -2, -1000, -1000, -1000, -1000, -1000, -1000
4/03/2021 11:30:10 AM, 4.121957, -1.32097, -2, -1000, -1000, -1000, -1000, -1000, -1000
4/03/2021 11:30:11 AM, 4.194777, -1.263753, -2, -1000, -1000, -1000, -1000, -1000, -1000
4/03/2021 11:30:11 AM, 4.265563, -1.206556, -2, -1000, -1000, -1000, -1000, -1000, -1000
4/03/2021 11:30:11 AM, 4.334363, -1.149422, -2, -1000, -1000, -1000, -1000, -1000, -1000
4/03/2021 11:30:11 AM, 4.401136, -1.092471, -2, -1000, -1000, -1000, -1000, -1000, -1000
4/03/2021 11:30:11 AM, 4.465934, -1.035741, -2, -1000, -1000, -1000, -1000, -1000, -1000
4/03/2021 11:30:11 AM, 4.528779, -0.9792986, -2, -1000, -1000, -1000, -1000, -1000, -1000
4/03/2021 11:30:11 AM, 4.589698, -0.9232035, -2, -1000, -1000, -1000, -1000, -1000, -1000
4/03/2021 11:30:11 AM, 4.648716, -0.8675137, -2, -1000, -1000, -1000, -1000, -1000, -1000
4/03/2021 11:30:11 AM, 4.705887, -0.8122635, -2, -1000, -1000, -1000, -1000, -1000, -1000
4/03/2021 11:30:11 AM, 4.761188, -0.7575564, -2, -1000, -1000, -1000, -1000, -1000, -1000
4/03/2021 11:30:11 AM, 4.814675, -0.7034206, -2, -1000, -1000, -1000, -1000, -1000, -1000
4/03/2021 11:30:11 AM, 4.866377, -0.6499062, -2, -1000, -1000, -1000, -1000, -1000, -1000
4/03/2021 11:30:11 AM, 4.916327, -0.5970621, -2, -1000, -1000, -1000, -1000, -1000, -1000
4/03/2021 11:30:11 AM, 4.964558, -0.5449333, -2, -1000, -1000, -1000, -1000, -1000, -1000
4/03/2021 11:30:11 AM, 5.011121, -0.4935417, -2, -1000, -1000, -1000, -1000, -1000, -1000
4/03/2021 11:30:11 AM, 5.056008, -0.442976, -2, -1000, -1000, -1000, -1000, -1000, -1000
4/03/2021 11:30:11 AM, 5.099274, -0.3932519, -2, -1000, -1000, -1000, -1000, -1000, -1000
4/03/2021 11:30:11 AM, 5.14095, -0.344409, -2, -1000, -1000, -1000, -1000, -1000, -1000
4/03/2021 11:30:11 AM, 5.18107, -0.2964826, -2, -1000, -1000, -1000, -1000, -1000, -1000
4/03/2021 11:30:11 AM, 5.21967, -0.249506, -2, -1000, -1000, -1000, -1000, -1000, -1000
4/03/2021 11:30:11 AM, 5.256795, -0.2034931, -2, -1000, -1000, -1000, -1000, -1000, -1000
4/03/2021 11:30:11 AM, 5.292448, -0.1585159, -2, -1000, -1000, -1000, -1000, -1000, -1000
4/03/2021 11:30:11 AM, 5.326675, -0.1145821, -2, -1000, -1000, -1000, -1000, -1000, -1000
4/03/2021 11:30:11 AM, 5.359512, -0.07171774, -2, -1000, -1000, -1000, -1000, -1000, -1000
4/03/2021 11:30:11 AM, 5.390988, -0.0299511, -2, -1000, -1000, -1000, -1000, -1000, -1000
4/03/2021 11:30:11 AM, 5.421135, 0.01069546, -2, -1000, -1000, -1000, -1000, -1000, -1000
4/03/2021 11:30:11 AM, 5.449996, 0.05021453, -2, -1000, -1000, -1000, -1000, -1000, -1000
4/03/2021 11:30:11 AM, 5.477574, 0.08855104, -2, -1000, -1000, -1000, -1000, -1000, -1000
4/03/2021 11:30:11 AM, 5.503913, 0.1257007, -2, -1000, -1000, -1000, -1000, -1000, -1000
4/03/2021 11:30:11 AM, 5.529041, 0.1616464, -2, -1000, -1000, -1000, -1000, -1000, -1000
4/03/2021 11:30:11 AM, 5.552985, 0.1963692, -2, -1000, -1000, -1000, -1000, -1000, -1000
4/03/2021 11:30:11 AM, 5.575774, 0.2298541, -2, -1000, -1000, -1000, -1000, -1000, -1000
4/03/2021 11:30:11 AM, 5.597441, 0.2620986, -2, -1000, -1000, -1000, -1000, -1000, -1000
4/03/2021 11:30:11 AM, 5.617994, 0.2930598, -2, -1000, -1000, -1000, -1000, -1000, -1000
4/03/2021 11:30:11 AM, 5.637465, 0.3227389, -2, -1000, -1000, -1000, -1000, -1000, -1000
4/03/2021 11:30:11 AM, 5.655879, 0.3511236, -2, -1000, -1000, -1000, -1000, -1000, -1000
4/03/2021 11:30:11 AM, 5.673256, 0.3782032, -2, -1000, -1000, -1000, -1000, -1000, -1000
4/03/2021 11:30:11 AM, 5.689621, 0.403966, -2, -1000, -1000, -1000, -1000, -1000, -1000
4/03/2021 11:30:11 AM, 5.705, 0.4284132, -2, -1000, -1000, -1000, -1000, -1000, -1000
4/03/2021 11:30:11 AM, 5.719396, 0.4515131, -2, -1000, -1000, -1000, -1000, -1000, -1000
4/03/2021 11:30:11 AM, 5.732837, 0.473269, -2, -1000, -1000, -1000, -1000, -1000, -1000
4/03/2021 11:30:11 AM, 5.74534, 0.4936745, -2, -1000, -1000, -1000, -1000, -1000, -1000
4/03/2021 11:30:11 AM, 5.756922, 0.5127223, -2, -1000, -1000, -1000, -1000, -1000, -1000
4/03/2021 11:30:11 AM, 5.767596, 0.530405, -2, -1000, -1000, -1000, -1000, -1000, -1000
4/03/2021 11:30:11 AM, 5.777381, 0.5467241, -2, -1000, -1000, -1000, -1000, -1000, -1000
4/03/2021 11:30:11 AM, 5.786283, 0.5616601, -2, -1000, -1000, -1000, -1000, -1000, -1000
4/03/2021 11:30:11 AM, 5.794317, 0.5752161, -2, -1000, -1000, -1000, -1000, -1000, -1000
4/03/2021 11:30:11 AM, 5.801495, 0.5873883, -2, -1000, -1000, -1000, -1000, -1000, -1000
4/03/2021 11:30:11 AM, 5.807824, 0.5981715, -2, -1000, -1000, -1000, -1000, -1000, -1000
4/03/2021 11:30:11 AM, 5.813315, 0.6075647, -2, -1000, -1000, -1000, -1000, -1000, -1000
4/03/2021 11:30:12 AM, 5.817978, 0.6155665, -2, -1000, -1000, -1000, -1000, -1000, -1000
4/03/2021 11:30:12 AM, 5.821813, 0.6221685, -2, -1000, -1000, -1000, -1000, -1000, -1000
4/03/2021 11:30:12 AM, 5.82483, 0.6273727, -2, -1000, -1000, -1000, -1000, -1000, -1000
4/03/2021 11:30:12 AM, 5.82703, 0.6311769, -2, -1000, -1000, -1000, -1000, -1000, -1000
4/03/2021 11:30:12 AM, 5.82842, 0.6335804, -2, -1000, -1000, -1000, -1000, -1000, -1000
4/03/2021 11:30:12 AM, 5.828999, 0.6345832, -2, -1000, -1000, -1000, -1000, -1000, -1000
4/03/2021 11:30:12 AM, 5.828767, 0.6341834, -2, -1000, -1000, -1000, -1000, -1000, -1000
4/03/2021 11:30:12 AM, 5.827728, 0.6323829, -2, -1000, -1000, -1000, -1000, -1000, -1000
4/03/2021 11:30:12 AM, 5.825876, 0.6291807, -2, -1000, -1000, -1000, -1000, -1000, -1000
4/03/2021 11:30:12 AM, 5.823211, 0.6245792, -2, -1000, -1000, -1000, -1000, -1000, -1000
4/03/2021 11:30:12 AM, 5.819729, 0.6185782, -2, -1000, -1000, -1000, -1000, -1000, -1000
4/03/2021 11:30:12 AM, 5.815424, 0.6111805, -2, -1000, -1000, -1000, -1000, -1000, -1000
4/03/2021 11:30:12 AM, 5.810289, 0.6023836, -2, -1000, -1000, -1000, -1000, -1000, -1000
4/03/2021 11:30:12 AM, 5.804321, 0.5921984, -2, -1000, -1000, -1000, -1000, -1000, -1000
4/03/2021 11:30:12 AM, 5.79751, 0.5806231, -2, -1000, -1000, -1000, -1000, -1000, -1000
4/03/2021 11:30:12 AM, 5.789845, 0.5676622, -2, -1000, -1000, -1000, -1000, -1000, -1000
4/03/2021 11:30:12 AM, 5.781319, 0.5533197, -2, -1000, -1000, -1000, -1000, -1000, -1000
4/03/2021 11:30:12 AM, 5.771918, 0.5375993, -2, -1000, -1000, -1000, -1000, -1000, -1000
4/03/2021 11:30:12 AM, 5.761625, 0.5204978, -2, -1000, -1000, -1000, -1000, -1000, -1000
4/03/2021 11:30:12 AM, 5.750436, 0.502038, -2, -1000, -1000, -1000, -1000, -1000, -1000
4/03/2021 11:30:12 AM, 5.738331, 0.4822156, -2, -1000, -1000, -1000, -1000, -1000, -1000
4/03/2021 11:30:12 AM, 5.725296, 0.4610393, -2, -1000, -1000, -1000, -1000, -1000, -1000
4/03/2021 11:30:12 AM, 5.711312, 0.4385166, -2, -1000, -1000, -1000, -1000, -1000, -1000
4/03/2021 11:30:12 AM, 5.696363, 0.414655, -2, -1000, -1000, -1000, -1000, -1000, -1000
4/03/2021 11:30:12 AM, 5.680421, 0.3894503, -2, -1000, -1000, -1000, -1000, -1000, -1000
4/03/2021 11:30:12 AM, 5.663481, 0.362936, -2, -1000, -1000, -1000, -1000, -1000, -1000
4/03/2021 11:30:12 AM, 5.645516, 0.3351121, -2, -1000, -1000, -1000, -1000, -1000, -1000
4/03/2021 11:30:12 AM, 5.626503, 0.3059881, -2, -1000, -1000, -1000, -1000, -1000, -1000
4/03/2021 11:30:12 AM, 5.606419, 0.2755773, -2, -1000, -1000, -1000, -1000, -1000, -1000
4/03/2021 11:30:12 AM, 5.585239, 0.2438912, -2, -1000, -1000, -1000, -1000, -1000, -1000
4/03/2021 11:30:12 AM, 5.562932, 0.2109306, -2, -1000, -1000, -1000, -1000, -1000, -1000
4/03/2021 11:30:12 AM, 5.539487, 0.1767375, -2, -1000, -1000, -1000, -1000, -1000, -1000
4/03/2021 11:30:12 AM, 5.514873, 0.1413171, -2, -1000, -1000, -1000, -1000, -1000, -1000
4/03/2021 11:30:12 AM, 5.489058, 0.1046827, -2, -1000, -1000, -1000, -1000, -1000, -1000
4/03/2021 11:30:12 AM, 5.462016, 0.06685448, -2, -1000, -1000, -1000, -1000, -1000, -1000
4/03/2021 11:30:12 AM, 5.433719, 0.0278523, -2, -1000, -1000, -1000, -1000, -1000, -1000
4/03/2021 11:30:12 AM, 5.404121, -0.01232195, -2, -1000, -1000, -1000, -1000, -1000, -1000
4/03/2021 11:30:12 AM, 5.37322, -0.05360985, -2, -1000, -1000, -1000, -1000, -1000, -1000
4/03/2021 11:30:12 AM, 5.340974, -0.09600449, -2, -1000, -1000, -1000, -1000, -1000, -1000
4/03/2021 11:30:12 AM, 5.307349, -0.1394815, -2, -1000, -1000, -1000, -1000, -1000, -1000
4/03/2021 11:30:12 AM, 5.272313, -0.1840134, -2, -1000, -1000, -1000, -1000, -1000, -1000
4/03/2021 11:30:12 AM, 5.235836, -0.2295723, -2, -1000, -1000, -1000, -1000, -1000, -1000
4/03/2021 11:30:12 AM, 5.197864, -0.2761507, -2, -1000, -1000, -1000, -1000, -1000, -1000
4/03/2021 11:30:12 AM, 5.158402, -0.3236723, -2, -1000, -1000, -1000, -1000, -1000, -1000
4/03/2021 11:30:12 AM, 5.117399, -0.3721256, -2, -1000, -1000, -1000, -1000, -1000, -1000
4/03/2021 11:30:12 AM, 5.074822, -0.4214745, -2, -1000, -1000, -1000, -1000, -1000, -1000
4/03/2021 11:30:12 AM, 5.030637, -0.4716825, -2, -1000, -1000, -1000, -1000, -1000, -1000
4/03/2021 11:30:12 AM, 4.984811, -0.5227108, -2, -1000, -1000, -1000, -1000, -1000, -1000
4/03/2021 11:30:12 AM, 4.93729, -0.5745406, -2, -1000, -1000, -1000, -1000, -1000, -1000
4/03/2021 11:30:12 AM, 4.888083, -0.6270828, -2, -1000, -1000, -1000, -1000, -1000, -1000
4/03/2021 11:30:13 AM, 4.837139, -0.6803141, -2, -1000, -1000, -1000, -1000, -1000, -1000
4/03/2021 11:30:13 AM, 4.784424, -0.734189, -2, -1000, -1000, -1000, -1000, -1000, -1000
4/03/2021 11:30:13 AM, 4.729908, -0.7886562, -2, -1000, -1000, -1000, -1000, -1000, -1000
4/03/2021 11:30:13 AM, 4.673559, -0.8436656, -2, -1000, -1000, -1000, -1000, -1000, -1000
4/03/2021 11:30:13 AM, 4.615324, -0.8991871, -2, -1000, -1000, -1000, -1000, -1000, -1000
4/03/2021 11:30:13 AM, 4.555227, -0.9551144, -2, -1000, -1000, -1000, -1000, -1000, -1000
4/03/2021 11:30:13 AM, 4.493214, -1.011415, -2, -1000, -1000, -1000, -1000, -1000, -1000
4/03/2021 11:30:13 AM, 4.429259, -1.068029, -2, -1000, -1000, -1000, -1000, -1000, -1000
4/03/2021 11:30:13 AM, 4.363339, -1.124893, -2, -1000, -1000, -1000, -1000, -1000, -1000
4/03/2021 11:30:13 AM, 4.295432, -1.181942, -2, -1000, -1000, -1000, -1000, -1000, -1000
4/03/2021 11:30:13 AM, 4.225484, -1.239135, -2, -1000, -1000, -1000, -1000, -1000, -1000
4/03/2021 11:30:13 AM, 4.153543, -1.296351, -2, -1000, -1000, -1000, -1000, -1000, -1000
4/03/2021 11:30:13 AM, 4.079556, -1.353548, -2, -1000, -1000, -1000, -1000, -1000, -1000
4/03/2021 11:30:13 AM, 4.003515, -1.410649, -2, -1000, -1000, -1000, -1000, -1000, -1000
4/03/2021 11:30:13 AM, 3.925406, -1.467581, -2, -1000, -1000, -1000, -1000, -1000, -1000
4/03/2021 11:30:13 AM, 3.84522, -1.524268, -2, -1000, -1000, -1000, -1000, -1000, -1000
4/03/2021 11:30:13 AM, 3.762914, -1.580657, -2, -1000, -1000, -1000, -1000, -1000, -1000
4/03/2021 11:30:13 AM, 3.678561, -1.636616, -2, -1000, -1000, -1000, -1000, -1000, -1000
4/03/2021 11:30:13 AM, 3.592124, -1.692091, -2, -1000, -1000, -1000, -1000, -1000, -1000
4/03/2021 11:30:13 AM, 3.503607, -1.746998, -2, -1000, -1000, -1000, -1000, -1000, -1000
4/03/2021 11:30:13 AM, 3.413017, -1.801256, -2, -1000, -1000, -1000, -1000, -1000, -1000
4/03/2021 11:30:13 AM, 3.320364, -1.854779, -2, -1000, -1000, -1000, -1000, -1000, -1000
4/03/2021 11:30:13 AM, 3.225621, -1.907506, -2, -1000, -1000, -1000, -1000, -1000, -1000
4/03/2021 11:30:13 AM, 3.128892, -1.959303, -2, -1000, -1000, -1000, -1000, -1000, -1000
4/03/2021 11:30:13 AM, 3.030158, -2.010108, -2, -1000, -1000, -1000, -1000, -1000, -1000
4/03/2021 11:30:13 AM, 2.929444, -2.059836, -2, -1000, -1000, -1000, -1000, -1000, -1000
4/03/2021 11:30:13 AM, 2.826783, -2.1084, -2, -1000, -1000, -1000, -1000, -1000, -1000
4/03/2021 11:30:13 AM, 2.722211, -2.155715, -2, -1000, -1000, -1000, -1000, -1000, -1000
4/03/2021 11:30:13 AM, 2.615715, -2.201716, -2, -1000, -1000, -1000, -1000, -1000, -1000
4/03/2021 11:30:13 AM, 2.50744, -2.246279, -2, -1000, -1000, -1000, -1000, -1000, -1000
4/03/2021 11:30:13 AM, 2.397383, -2.289341, -2, -1000, -1000, -1000, -1000, -1000, -1000
4/03/2021 11:30:13 AM, 2.2856, -2.330821, -2, -1000, -1000, -1000, -1000, -1000, -1000
4/03/2021 11:30:13 AM, 2.172146, -2.370639, -2, -1000, -1000, -1000, -1000, -1000, -1000
4/03/2021 11:30:13 AM, 2.057082, -2.408718, -2, -1000, -1000, -1000, -1000, -1000, -1000
4/03/2021 11:30:13 AM, 1.940421, -2.445, -2, -1000, -1000, -1000, -1000, -1000, -1000
4/03/2021 11:30:13 AM, 1.82234, -2.479377, -2, -1000, -1000, -1000, -1000, -1000, -1000
4/03/2021 11:30:13 AM, 1.70286, -2.511799, -2, -1000, -1000, -1000, -1000, -1000, -1000
4/03/2021 11:30:13 AM, 1.582057, -2.542198, -2, -1000, -1000, -1000, -1000, -1000, -1000
4/03/2021 11:30:13 AM, 1.460013, -2.570511, -2, -1000, -1000, -1000, -1000, -1000, -1000
4/03/2021 11:30:13 AM, 1.336814, -2.59668, -2, -1000, -1000, -1000, -1000, -1000, -1000
4/03/2021 11:30:13 AM, 1.212492, -2.620658, -2, -1000, -1000, -1000, -1000, -1000, -1000
4/03/2021 11:30:13 AM, 1.087251, -2.642375, -2, -1000, -1000, -1000, -1000, -1000, -1000
4/03/2021 11:30:13 AM, 0.9611299, -2.661793, -2, -1000, -1000, -1000, -1000, -1000, -1000
4/03/2021 11:30:13 AM, 0.8342259, -2.678871, -2, -1000, -1000, -1000, -1000, -1000, -1000
4/03/2021 11:30:13 AM, 0.7066384, -2.693573, -2, -1000, -1000, -1000, -1000, -1000, -1000
4/03/2021 11:30:13 AM, 0.5784687, -2.705865, -2, -1000, -1000, -1000, -1000, -1000, -1000
4/03/2021 11:30:13 AM, 0.4497625, -2.715725, -2, -1000, -1000, -1000, -1000, -1000, -1000
4/03/2021 11:30:13 AM, 0.3207425, -2.723123, -2, -1000, -1000, -1000, -1000, -1000, -1000
4/03/2021 11:30:13 AM, 0.1914553, -2.728045, -2, -1000, -1000, -1000, -1000, -1000, -1000
4/03/2021 11:30:13 AM, 0.06201008, -2.730484, -2, -1000, -1000, -1000, -1000, -1000, -1000
4/03/2021 11:30:14 AM, -0.06748807, -2.730431, -2, -1000, -1000, -1000, -1000, -1000, -1000
4/03/2021 11:30:14 AM, -0.1969294, -2.727888, -2, -1000, -1000, -1000, -1000, -1000, -1000
4/03/2021 11:30:14 AM, -0.3262659, -2.722857, -2, -1000, -1000, -1000, -1000, -1000, -1000
4/03/2021 11:30:14 AM, -0.4552726, -2.715354, -2, -1000, -1000, -1000, -1000, -1000, -1000
4/03/2021 11:30:14 AM, -0.5839016, -2.705394, -2, -1000, -1000, -1000, -1000, -1000, -1000
4/03/2021 11:30:14 AM, -0.7120485, -2.692999, -2, -1000, -1000, -1000, -1000, -1000, -1000
4/03/2021 11:30:14 AM, -0.8396094, -2.678196, -2, -1000, -1000, -1000, -1000, -1000, -1000
4/03/2021 11:30:14 AM, -0.9664824, -2.661018, -2, -1000, -1000, -1000, -1000, -1000, -1000
4/03/2021 11:30:14 AM, -1.092626, -2.641492, -2, -1000, -1000, -1000, -1000, -1000, -1000
4/03/2021 11:30:14 AM, -1.217827, -2.619679, -2, -1000, -1000, -1000, -1000, -1000, -1000
4/03/2021 11:30:14 AM, -1.342049, -2.595616, -2, -1000, -1000, -1000, -1000, -1000, -1000
4/03/2021 11:30:14 AM, -1.4652, -2.569356, -2, -1000, -1000, -1000, -1000, -1000, -1000
4/03/2021 11:30:14 AM, -1.587193, -2.540954, -2, -1000, -1000, -1000, -1000, -1000, -1000
4/03/2021 11:30:14 AM, -1.707942, -2.510468, -2, -1000, -1000, -1000, -1000, -1000, -1000
4/03/2021 11:30:14 AM, -1.827419, -2.477947, -2, -1000, -1000, -1000, -1000, -1000, -1000
4/03/2021 11:30:14 AM, -1.945439, -2.443487, -2, -1000, -1000, -1000, -1000, -1000, -1000
4/03/2021 11:30:14 AM, -2.061982, -2.407143, -2, -1000, -1000, -1000, -1000, -1000, -1000
4/03/2021 11:30:14 AM, -2.176978, -2.368989, -2, -1000, -1000, -1000, -1000, -1000, -1000
4/03/2021 11:30:14 AM, -2.290363, -2.329099, -2, -1000, -1000, -1000, -1000, -1000, -1000
4/03/2021 11:30:14 AM, -2.402075, -2.28755, -2, -1000, -1000, -1000, -1000, -1000, -1000
4/03/2021 11:30:14 AM, -2.512107, -2.244403, -2, -1000, -1000, -1000, -1000, -1000, -1000
4/03/2021 11:30:14 AM, -2.620305, -2.199779, -2, -1000, -1000, -1000, -1000, -1000, -1000
4/03/2021 11:30:14 AM, -2.726673, -2.153739, -2, -1000, -1000, -1000, -1000, -1000, -1000
4/03/2021 11:30:14 AM, -2.831166, -2.10637, -2, -1000, -1000, -1000, -1000, -1000, -1000
4/03/2021 11:30:14 AM, -2.933745, -2.057755, -2, -1000, -1000, -1000, -1000, -1000, -1000
4/03/2021 11:30:14 AM, -3.034374, -2.00798, -2, -1000, -1000, -1000, -1000, -1000, -1000
4/03/2021 11:30:14 AM, -3.13307, -1.957108, -2, -1000, -1000, -1000, -1000, -1000, -1000
4/03/2021 11:30:14 AM, -3.229712, -1.90527, -2, -1000, -1000, -1000, -1000, -1000, -1000
4/03/2021 11:30:14 AM, -3.324326, -1.85253, -2, -1000, -1000, -1000, -1000, -1000, -1000
4/03/2021 11:30:14 AM, -3.41689, -1.798975, -2, -1000, -1000, -1000, -1000, -1000, -1000
4/03/2021 11:30:14 AM, -3.507394, -1.744688, -2, -1000, -1000, -1000, -1000, -1000, -1000
4/03/2021 11:30:14 AM, -3.595824, -1.689754, -2, -1000, -1000, -1000, -1000, -1000, -1000
4/03/2021 11:30:14 AM, -3.682212, -1.634232, -2, -1000, -1000, -1000, -1000, -1000, -1000
4/03/2021 11:30:14 AM, -3.766475, -1.578254, -2, -1000, -1000, -1000, -1000, -1000, -1000
4/03/2021 11:30:14 AM, -3.848655, -1.521875, -2, -1000, -1000, -1000, -1000, -1000, -1000
4/03/2021 11:30:14 AM, -3.928753, -1.465177, -2, -1000, -1000, -1000, -1000, -1000, -1000
4/03/2021 11:30:14 AM, -4.006774, -1.408236, -2, -1000, -1000, -1000, -1000, -1000, -1000
4/03/2021 11:30:14 AM, -4.082728, -1.35113, -2, -1000, -1000, -1000, -1000, -1000, -1000
4/03/2021 11:30:14 AM, -4.15666, -1.293905, -2, -1000, -1000, -1000, -1000, -1000, -1000
4/03/2021 11:30:14 AM, -4.228516, -1.236689, -2, -1000, -1000, -1000, -1000, -1000, -1000
4/03/2021 11:30:14 AM, -4.298346, -1.179525, -2, -1000, -1000, -1000, -1000, -1000, -1000
4/03/2021 11:30:14 AM, -4.366168, -1.122482, -2, -1000, -1000, -1000, -1000, -1000, -1000
4/03/2021 11:30:14 AM, -4.432004, -1.065629, -2, -1000, -1000, -1000, -1000, -1000, -1000
4/03/2021 11:30:14 AM, -4.495876, -1.009027, -2, -1000, -1000, -1000, -1000, -1000, -1000
4/03/2021 11:30:14 AM, -4.557836, -0.9527149, -2, -1000, -1000, -1000, -1000, -1000, -1000
4/03/2021 11:30:14 AM, -4.617853, -0.8968043, -2, -1000, -1000, -1000, -1000, -1000, -1000
4/03/2021 11:30:14 AM, -4.675981, -0.8413277, -2, -1000, -1000, -1000, -1000, -1000, -1000
4/03/2021 11:30:14 AM, -4.73225, -0.7863407, -2, -1000, -1000, -1000, -1000, -1000, -1000
4/03/2021 11:30:14 AM, -4.78669, -0.7318974, -2, -1000, -1000, -1000, -1000, -1000, -1000
4/03/2021 11:30:14 AM, -4.839329, -0.6780491, -2, -1000, -1000, -1000, -1000, -1000, -1000
4/03/2021 11:30:15 AM, -4.890223, -0.6248212, -2, -1000, -1000, -1000, -1000, -1000, -1000
4/03/2021 11:30:15 AM, -4.939356, -0.57231, -2, -1000, -1000, -1000, -1000, -1000, -1000
4/03/2021 11:30:15 AM, -4.986784, -0.5205359, -2, -1000, -1000, -1000, -1000, -1000, -1000
4/03/2021 11:30:15 AM, -5.03254, -0.4695415, -2, -1000, -1000, -1000, -1000, -1000, -1000
4/03/2021 11:30:15 AM, -5.076656, -0.4193687, -2, -1000, -1000, -1000, -1000, -1000, -1000
4/03/2021 11:30:15 AM, -5.119165, -0.3700571, -2, -1000, -1000, -1000, -1000, -1000, -1000
4/03/2021 11:30:15 AM, -5.160121, -0.32162, -2, -1000, -1000, -1000, -1000, -1000, -1000
4/03/2021 11:30:15 AM, -5.199518, -0.2741394, -2, -1000, -1000, -1000, -1000, -1000, -1000
4/03/2021 11:30:15 AM, -5.237408, -0.2276249, -2, -1000, -1000, -1000, -1000, -1000, -1000
4/03/2021 11:30:15 AM, -5.273824, -0.1821089, -2, -1000, -1000, -1000, -1000, -1000, -1000
4/03/2021 11:30:15 AM, -5.308799, -0.1376209, -2, -1000, -1000, -1000, -1000, -1000, -1000
4/03/2021 11:30:15 AM, -5.342365, -0.09418917, -2, -1000, -1000, -1000, -1000, -1000, -1000
4/03/2021 11:30:15 AM, -5.374569, -0.05182171, -2, -1000, -1000, -1000, -1000, -1000, -1000
4/03/2021 11:30:15 AM, -5.405413, -0.01058197, -2, -1000, -1000, -1000, -1000, -1000, -1000
4/03/2021 11:30:15 AM, -5.434941, 0.02952528, -2, -1000, -1000, -1000, -1000, -1000, -1000
4/03/2021 11:30:15 AM, -5.463185, 0.06847858, -2, -1000, -1000, -1000, -1000, -1000, -1000
4/03/2021 11:30:15 AM, -5.490174, 0.1062567, -2, -1000, -1000, -1000, -1000, -1000, -1000
4/03/2021 11:30:15 AM, -5.515938, 0.1428399, -2, -1000, -1000, -1000, -1000, -1000, -1000
4/03/2021 11:30:15 AM, -5.540514, 0.1782258, -2, -1000, -1000, -1000, -1000, -1000, -1000
4/03/2021 11:30:15 AM, -5.563908, 0.2123647, -2, -1000, -1000, -1000, -1000, -1000, -1000
4/03/2021 11:30:15 AM, -5.586159, 0.2452583, -2, -1000, -1000, -1000, -1000, -1000, -1000
4/03/2021 11:30:15 AM, -5.60729, 0.2768898, -2, -1000, -1000, -1000, -1000, -1000, -1000
4/03/2021 11:30:15 AM, -5.627328, 0.3072467, -2, -1000, -1000, -1000, -1000, -1000, -1000
4/03/2021 11:30:15 AM, -5.646297, 0.3363154, -2, -1000, -1000, -1000, -1000, -1000, -1000
4/03/2021 11:30:15 AM, -5.664227, 0.3640971, -2, -1000, -1000, -1000, -1000, -1000, -1000
4/03/2021 11:30:15 AM, -5.681123, 0.3905547, -2, -1000, -1000, -1000, -1000, -1000, -1000
4/03/2021 11:30:15 AM, -5.697015, 0.4156909, -2, -1000, -1000, -1000, -1000, -1000, -1000
4/03/2021 11:30:15 AM, -5.711923, 0.4394965, -2, -1000, -1000, -1000, -1000, -1000, -1000
4/03/2021 11:30:15 AM, -5.725867, 0.4619634, -2, -1000, -1000, -1000, -1000, -1000, -1000
4/03/2021 11:30:15 AM, -5.738862, 0.4830821, -2, -1000, -1000, -1000, -1000, -1000, -1000
4/03/2021 11:30:15 AM, -5.750933, 0.5028546, -2, -1000, -1000, -1000, -1000, -1000, -1000
4/03/2021 11:30:15 AM, -5.762083, 0.5212576, -2, -1000, -1000, -1000, -1000, -1000, -1000
4/03/2021 11:30:15 AM, -5.772334, 0.5382929, -2, -1000, -1000, -1000, -1000, -1000, -1000
4/03/2021 11:30:15 AM, -5.781697, 0.5539546, -2, -1000, -1000, -1000, -1000, -1000, -1000
4/03/2021 11:30:15 AM, -5.790188, 0.5682395, -2, -1000, -1000, -1000, -1000, -1000, -1000
4/03/2021 11:30:15 AM, -5.797816, 0.5811417, -2, -1000, -1000, -1000, -1000, -1000, -1000
4/03/2021 11:30:15 AM, -5.804594, 0.5926628, -2, -1000, -1000, -1000, -1000, -1000, -1000
4/03/2021 11:30:15 AM, -5.810526, 0.6027887, -2, -1000, -1000, -1000, -1000, -1000, -1000
4/03/2021 11:30:15 AM, -5.815623, 0.6115217, -2, -1000, -1000, -1000, -1000, -1000, -1000
4/03/2021 11:30:15 AM, -5.819893, 0.6188605, -2, -1000, -1000, -1000, -1000, -1000, -1000
4/03/2021 11:30:15 AM, -5.82334, 0.6248021, -2, -1000, -1000, -1000, -1000, -1000, -1000
4/03/2021 11:30:15 AM, -5.825972, 0.6293449, -2, -1000, -1000, -1000, -1000, -1000, -1000
4/03/2021 11:30:15 AM, -5.827788, 0.6324883, -2, -1000, -1000, -1000, -1000, -1000, -1000
4/03/2021 11:30:15 AM, -5.828794, 0.6342294, -2, -1000, -1000, -1000, -1000, -1000, -1000
4/03/2021 11:30:15 AM, -5.82899, 0.6345689, -2, -1000, -1000, -1000, -1000, -1000, -1000
4/03/2021 11:30:15 AM, -5.828377, 0.633507, -2, -1000, -1000, -1000, -1000, -1000, -1000
4/03/2021 11:30:15 AM, -5.826954, 0.6310439, -2, -1000, -1000, -1000, -1000, -1000, -1000
4/03/2021 11:30:15 AM, -5.824718, 0.6271803, -2, -1000, -1000, -1000, -1000, -1000, -1000
4/03/2021 11:30:15 AM, -5.821665, 0.6219144, -2, -1000, -1000, -1000, -1000, -1000, -1000
4/03/2021 11:30:15 AM, -5.817795, 0.6152527, -2, -1000, -1000, -1000, -1000, -1000, -1000
4/03/2021 11:30:16 AM, -5.813099, 0.6071949, -2, -1000, -1000, -1000, -1000, -1000, -1000
4/03/2021 11:30:16 AM, -5.807573, 0.5977437, -2, -1000, -1000, -1000, -1000, -1000, -1000
4/03/2021 11:30:16 AM, -5.801208, 0.5869012, -2, -1000, -1000, -1000, -1000, -1000, -1000
4/03/2021 11:30:16 AM, -5.793994, 0.5746706, -2, -1000, -1000, -1000, -1000, -1000, -1000
4/03/2021 11:30:16 AM, -5.785921, 0.5610497, -2, -1000, -1000, -1000, -1000, -1000, -1000
4/03/2021 11:30:16 AM, -5.776982, 0.5460548, -2, -1000, -1000, -1000, -1000, -1000, -1000
4/03/2021 11:30:16 AM, -5.767163, 0.5296843, -2, -1000, -1000, -1000, -1000, -1000, -1000
4/03/2021 11:30:16 AM, -5.75645, 0.5119436, -2, -1000, -1000, -1000, -1000, -1000, -1000
4/03/2021 11:30:16 AM, -5.74483, 0.4928389, -2, -1000, -1000, -1000, -1000, -1000, -1000
4/03/2021 11:30:16 AM, -5.732287, 0.4723761, -2, -1000, -1000, -1000, -1000, -1000, -1000
4/03/2021 11:30:16 AM, -5.7188, 0.4505525, -2, -1000, -1000, -1000, -1000, -1000, -1000
4/03/2021 11:30:16 AM, -5.704362, 0.4273946, -2, -1000, -1000, -1000, -1000, -1000, -1000
4/03/2021 11:30:16 AM, -5.688949, 0.4029019, -2, -1000, -1000, -1000, -1000, -1000, -1000
4/03/2021 11:30:16 AM, -5.672542, 0.3770838, -2, -1000, -1000, -1000, -1000, -1000, -1000
4/03/2021 11:30:16 AM, -5.65512, 0.3499494, -2, -1000, -1000, -1000, -1000, -1000, -1000
4/03/2021 11:30:16 AM, -5.636663, 0.3215096, -2, -1000, -1000, -1000, -1000, -1000, -1000
4/03/2021 11:30:16 AM, -5.617136, 0.2917616, -2, -1000, -1000, -1000, -1000, -1000, -1000
4/03/2021 11:30:16 AM, -5.596538, 0.2607458, -2, -1000, -1000, -1000, -1000, -1000, -1000
4/03/2021 11:30:16 AM, -5.574832, 0.2284625, -2, -1000, -1000, -1000, -1000, -1000, -1000
4/03/2021 11:30:16 AM, -5.551996, 0.1949251, -2, -1000, -1000, -1000, -1000, -1000, -1000
4/03/2021 11:30:16 AM, -5.528003, 0.1601503, -2, -1000, -1000, -1000, -1000, -1000, -1000
4/03/2021 11:30:16 AM, -5.502823, 0.1241529, -2, -1000, -1000, -1000, -1000, -1000, -1000
4/03/2021 11:30:16 AM, -5.47642, 0.08693528, -2, -1000, -1000, -1000, -1000, -1000, -1000
4/03/2021 11:30:16 AM, -5.448788, 0.0485487, -2, -1000, -1000, -1000, -1000, -1000, -1000
4/03/2021 11:30:16 AM, -5.419886, 0.008998156, -2, -1000, -1000, -1000, -1000, -1000, -1000
4/03/2021 11:30:16 AM, -5.389683, -0.03169537, -2, -1000, -1000, -1000, -1000, -1000, -1000
4/03/2021 11:30:16 AM, -5.35815, -0.07350922, -2, -1000, -1000, -1000, -1000, -1000, -1000
4/03/2021 11:30:16 AM, -5.325256, -0.1164184, -2, -1000, -1000, -1000, -1000, -1000, -1000
4/03/2021 11:30:16 AM, -5.290952, -0.1604185, -2, -1000, -1000, -1000, -1000, -1000, -1000
4/03/2021 11:30:16 AM, -5.255239, -0.2054396, -2, -1000, -1000, -1000, -1000, -1000, -1000
4/03/2021 11:30:16 AM, -5.218067, -0.2514744, -2, -1000, -1000, -1000, -1000, -1000, -1000
4/03/2021 11:30:16 AM, -5.179404, -0.2984915, -2, -1000, -1000, -1000, -1000, -1000, -1000
4/03/2021 11:30:16 AM, -5.139218, -0.346457, -2, -1000, -1000, -1000, -1000, -1000, -1000
4/03/2021 11:30:16 AM, -5.097475, -0.3953385, -2, -1000, -1000, -1000, -1000, -1000, -1000
4/03/2021 11:30:16 AM, -5.054122, -0.4451213, -2, -1000, -1000, -1000, -1000, -1000, -1000
4/03/2021 11:30:16 AM, -5.009165, -0.4957223, -2, -1000, -1000, -1000, -1000, -1000, -1000
4/03/2021 11:30:16 AM, -4.962552, -0.5471239, -2, -1000, -1000, -1000, -1000, -1000, -1000
4/03/2021 11:30:16 AM, -4.914249, -0.5992832, -2, -1000, -1000, -1000, -1000, -1000, -1000
4/03/2021 11:30:16 AM, -4.864225, -0.6521568, -2, -1000, -1000, -1000, -1000, -1000, -1000
4/03/2021 11:30:16 AM, -4.812448, -0.705699, -2, -1000, -1000, -1000, -1000, -1000, -1000
4/03/2021 11:30:16 AM, -4.75886, -0.7598848, -2, -1000, -1000, -1000, -1000, -1000, -1000
4/03/2021 11:30:16 AM, -4.703482, -0.8146148, -2, -1000, -1000, -1000, -1000, -1000, -1000
4/03/2021 11:30:16 AM, -4.646257, -0.8698611, -2, -1000, -1000, -1000, -1000, -1000, -1000
4/03/2021 11:30:16 AM, -4.587159, -0.9255686, -2, -1000, -1000, -1000, -1000, -1000, -1000
4/03/2021 11:30:16 AM, -4.526159, -0.9816799, -2, -1000, -1000, -1000, -1000, -1000, -1000
4/03/2021 11:30:16 AM, -4.463232, -1.038136, -2, -1000, -1000, -1000, -1000, -1000, -1000
4/03/2021 11:30:16 AM, -4.398321, -1.094902, -2, -1000, -1000, -1000, -1000, -1000, -1000
4/03/2021 11:30:16 AM, -4.331464, -1.151861, -2, -1000, -1000, -1000, -1000, -1000, -1000
4/03/2021 11:30:16 AM, -4.262609, -1.208975, -2, -1000, -1000, -1000, -1000, -1000, -1000
4/03/2021 11:30:16 AM, -4.191738, -1.266174, -2, -1000, -1000, -1000, -1000, -1000, -1000
4/03/2021 11:30:17 AM, -4.118832, -1.32339, -2, -1000, -1000, -1000, -1000, -1000, -1000
4/03/2021 11:30:17 AM, -4.043876, -1.38055, -2, -1000, -1000, -1000, -1000, -1000, -1000
4/03/2021 11:30:17 AM, -3.966823, -1.437607, -2, -1000, -1000, -1000, -1000, -1000, -1000
4/03/2021 11:30:17 AM, -3.887733, -1.494432, -2, -1000, -1000, -1000, -1000, -1000, -1000
4/03/2021 11:30:17 AM, -3.806563, -1.550976, -2, -1000, -1000, -1000, -1000, -1000, -1000
4/03/2021 11:30:17 AM, -3.723309, -1.607159, -2, -1000, -1000, -1000, -1000, -1000, -1000
4/03/2021 11:30:17 AM, -3.637971, -1.662899, -2, -1000, -1000, -1000, -1000, -1000, -1000
4/03/2021 11:30:17 AM, -3.55055, -1.718116, -2, -1000, -1000, -1000, -1000, -1000, -1000
4/03/2021 11:30:17 AM, -3.46101, -1.772752, -2, -1000, -1000, -1000, -1000, -1000, -1000
4/03/2021 11:30:17 AM, -3.369442, -1.826673, -2, -1000, -1000, -1000, -1000, -1000, -1000
4/03/2021 11:30:17 AM, -3.275819, -1.879818, -2, -1000, -1000, -1000, -1000, -1000, -1000
4/03/2021 11:30:17 AM, -3.180158, -1.932103, -2, -1000, -1000, -1000, -1000, -1000, -1000
4/03/2021 11:30:17 AM, -3.082478, -1.983442, -2, -1000, -1000, -1000, -1000, -1000, -1000
4/03/2021 11:30:17 AM, -2.982805, -2.033749, -2, -1000, -1000, -1000, -1000, -1000, -1000
4/03/2021 11:30:17 AM, -2.88112, -2.08296, -2, -1000, -1000, -1000, -1000, -1000, -1000
4/03/2021 11:30:17 AM, -2.77755, -2.130944, -2, -1000, -1000, -1000, -1000, -1000, -1000
4/03/2021 11:30:17 AM, -2.672085, -2.177638, -2, -1000, -1000, -1000, -1000, -1000, -1000
4/03/2021 11:30:17 AM, -2.564769, -2.222959, -2, -1000, -1000, -1000, -1000, -1000, -1000
4/03/2021 11:30:17 AM, -2.455645, -2.266822, -2, -1000, -1000, -1000, -1000, -1000, -1000
4/03/2021 11:30:17 AM, -2.344766, -2.309146, -2, -1000, -1000, -1000, -1000, -1000, -1000
4/03/2021 11:30:17 AM, -2.232133, -2.349869, -2, -1000, -1000, -1000, -1000, -1000, -1000
4/03/2021 11:30:17 AM, -2.11791, -2.388874, -2, -1000, -1000, -1000, -1000, -1000, -1000
4/03/2021 11:30:17 AM, -2.002108, -2.426105, -2, -1000, -1000, -1000, -1000, -1000, -1000
4/03/2021 11:30:17 AM, -1.884795, -2.461486, -2, -1000, -1000, -1000, -1000, -1000, -1000
4/03/2021 11:30:17 AM, -1.766043, -2.494948, -2, -1000, -1000, -1000, -1000, -1000, -1000
4/03/2021 11:30:17 AM, -1.645927, -2.526422, -2, -1000, -1000, -1000, -1000, -1000, -1000
4/03/2021 11:30:17 AM, -1.524472, -2.555855, -2, -1000, -1000, -1000, -1000, -1000, -1000
4/03/2021 11:30:17 AM, -1.401871, -2.583161, -2, -1000, -1000, -1000, -1000, -1000, -1000
4/03/2021 11:30:17 AM, -1.278157, -2.608295, -2, -1000, -1000, -1000, -1000, -1000, -1000
4/03/2021 11:30:17 AM, -1.153419, -2.631205, -2, -1000, -1000, -1000, -1000, -1000, -1000
4/03/2021 11:30:17 AM, -1.02775, -2.651841, -2, -1000, -1000, -1000, -1000, -1000, -1000
4/03/2021 11:30:17 AM, -0.9012461, -2.670158, -2, -1000, -1000, -1000, -1000, -1000, -1000
4/03/2021 11:30:17 AM, -0.7739481, -2.686124, -2, -1000, -1000, -1000, -1000, -1000, -1000
4/03/2021 11:30:17 AM, -0.6460724, -2.69969, -2, -1000, -1000, -1000, -1000, -1000, -1000
4/03/2021 11:30:17 AM, -0.517664, -2.710833, -2, -1000, -1000, -1000, -1000, -1000, -1000
4/03/2021 11:30:17 AM, -0.3888271, -2.719529, -2, -1000, -1000, -1000, -1000, -1000, -1000
4/03/2021 11:30:17 AM, -0.2596677, -2.725759, -2, -1000, -1000, -1000, -1000, -1000, -1000
4/03/2021 11:30:17 AM, -0.1302922, -2.729508, -2, -1000, -1000, -1000, -1000, -1000, -1000
4/03/2021 11:30:17 AM, -0.000749073, -2.730769, -2, -1000, -1000, -1000, -1000, -1000, -1000
4/03/2021 11:30:17 AM, 0.1287352, -2.729538, -2, -1000, -1000, -1000, -1000, -1000, -1000
4/03/2021 11:30:17 AM, 0.2581125, -2.725818, -2, -1000, -1000, -1000, -1000, -1000, -1000
4/03/2021 11:30:17 AM, 0.3872754, -2.719618, -2, -1000, -1000, -1000, -1000, -1000, -1000
4/03/2021 11:30:17 AM, 0.5161163, -2.710952, -2, -1000, -1000, -1000, -1000, -1000, -1000
4/03/2021 11:30:17 AM, 0.6445308, -2.699838, -2, -1000, -1000, -1000, -1000, -1000, -1000
4/03/2021 11:30:17 AM, 0.772472, -2.686295, -2, -1000, -1000, -1000, -1000, -1000, -1000
4/03/2021 11:30:17 AM, 0.8997204, -2.670364, -2, -1000, -1000, -1000, -1000, -1000, -1000
4/03/2021 11:30:17 AM, 1.026233, -2.652075, -2, -1000, -1000, -1000, -1000, -1000, -1000
4/03/2021 11:30:17 AM, 1.151913, -2.631467, -2, -1000, -1000, -1000, -1000, -1000, -1000
4/03/2021 11:30:17 AM, 1.276663, -2.608584, -2, -1000, -1000, -1000, -1000, -1000, -1000
4/03/2021 11:30:17 AM, 1.40039, -2.583477, -2, -1000, -1000, -1000, -1000, -1000, -1000
4/03/2021 11:30:18 AM, 1.52306, -2.556183, -2, -1000, -1000, -1000, -1000, -1000, -1000
4/03/2021 11:30:18 AM, 1.644475, -2.526788, -2, -1000, -1000, -1000, -1000, -1000, -1000
4/03/2021 11:30:18 AM, 1.764606, -2.495338, -2, -1000, -1000, -1000, -1000, -1000, -1000
4/03/2021 11:30:18 AM, 1.883375, -2.4619, -2, -1000, -1000, -1000, -1000, -1000, -1000
4/03/2021 11:30:18 AM, 2.000706, -2.426541, -2, -1000, -1000, -1000, -1000, -1000, -1000
4/03/2021 11:30:18 AM, 2.116527, -2.389332, -2, -1000, -1000, -1000, -1000, -1000, -1000
4/03/2021 11:30:18 AM, 2.230821, -2.35033, -2, -1000, -1000, -1000, -1000, -1000, -1000
4/03/2021 11:30:18 AM, 2.343422, -2.309646, -2, -1000, -1000, -1000, -1000, -1000, -1000
4/03/2021 11:30:18 AM, 2.454322, -2.267341, -2, -1000, -1000, -1000, -1000, -1000, -1000
4/03/2021 11:30:18 AM, 2.563467, -2.223495, -2, -1000, -1000, -1000, -1000, -1000, -1000
4/03/2021 11:30:18 AM, 2.670806, -2.178191, -2, -1000, -1000, -1000, -1000, -1000, -1000
4/03/2021 11:30:18 AM, 2.776292, -2.131513, -2, -1000, -1000, -1000, -1000, -1000, -1000
4/03/2021 11:30:18 AM, 2.879933, -2.083522, -2, -1000, -1000, -1000, -1000, -1000, -1000
4/03/2021 11:30:18 AM, 2.981594, -2.034348, -2, -1000, -1000, -1000, -1000, -1000, -1000
4/03/2021 11:30:18 AM, 3.081291, -1.984054, -2, -1000, -1000, -1000, -1000, -1000, -1000
4/03/2021 11:30:18 AM, 3.178995, -1.932726, -2, -1000, -1000, -1000, -1000, -1000, -1000
4/03/2021 11:30:18 AM, 3.274681, -1.880452, -2, -1000, -1000, -1000, -1000, -1000, -1000
4/03/2021 11:30:18 AM, 3.368328, -1.827317, -2, -1000, -1000, -1000, -1000, -1000, -1000
4/03/2021 11:30:18 AM, 3.459962, -1.77338, -2, -1000, -1000, -1000, -1000, -1000, -1000
4/03/2021 11:30:18 AM, 3.549486, -1.718777, -2, -1000, -1000, -1000, -1000, -1000, -1000
4/03/2021 11:30:18 AM, 3.636931, -1.663566, -2, -1000, -1000, -1000, -1000, -1000, -1000
4/03/2021 11:30:18 AM, 3.722296, -1.607831, -2, -1000, -1000, -1000, -1000, -1000, -1000
4/03/2021 11:30:18 AM, 3.805574, -1.551654, -2, -1000, -1000, -1000, -1000, -1000, -1000
4/03/2021 11:30:18 AM, 3.886768, -1.495115, -2, -1000, -1000, -1000, -1000, -1000, -1000
4/03/2021 11:30:18 AM, 3.96592, -1.438265, -2, -1000, -1000, -1000, -1000, -1000, -1000
4/03/2021 11:30:18 AM, 4.042962, -1.381237, -2, -1000, -1000, -1000, -1000, -1000, -1000
4/03/2021 11:30:18 AM, 4.117942, -1.324078, -2, -1000, -1000, -1000, -1000, -1000, -1000
4/03/2021 11:30:18 AM, 4.190874, -1.266862, -2, -1000, -1000, -1000, -1000, -1000, -1000
4/03/2021 11:30:18 AM, 4.261769, -1.209662, -2, -1000, -1000, -1000, -1000, -1000, -1000
4/03/2021 11:30:18 AM, 4.330648, -1.152547, -2, -1000, -1000, -1000, -1000, -1000, -1000
4/03/2021 11:30:18 AM, 4.39756, -1.095559, -2, -1000, -1000, -1000, -1000, -1000, -1000
4/03/2021 11:30:18 AM, 4.462463, -1.038817, -2, -1000, -1000, -1000, -1000, -1000, -1000
4/03/2021 11:30:18 AM, 4.525414, -0.982357, -2, -1000, -1000, -1000, -1000, -1000, -1000
4/03/2021 11:30:18 AM, 4.586437, -0.9262409, -2, -1000, -1000, -1000, -1000, -1000, -1000
4/03/2021 11:30:18 AM, 4.645558, -0.8705287, -2, -1000, -1000, -1000, -1000, -1000, -1000
4/03/2021 11:30:18 AM, 4.702805, -0.8152761, -2, -1000, -1000, -1000, -1000, -1000, -1000
4/03/2021 11:30:18 AM, 4.75823, -0.7605147, -2, -1000, -1000, -1000, -1000, -1000, -1000
4/03/2021 11:30:18 AM, 4.811815, -0.7063465, -2, -1000, -1000, -1000, -1000, -1000, -1000
4/03/2021 11:30:18 AM, 4.863613, -0.6527977, -2, -1000, -1000, -1000, -1000, -1000, -1000
4/03/2021 11:30:18 AM, 4.913658, -0.599915, -2, -1000, -1000, -1000, -1000, -1000, -1000
4/03/2021 11:30:18 AM, 4.961981, -0.5477467, -2, -1000, -1000, -1000, -1000, -1000, -1000
4/03/2021 11:30:18 AM, 5.008614, -0.496336, -2, -1000, -1000, -1000, -1000, -1000, -1000
4/03/2021 11:30:18 AM, 5.053612, -0.4457016, -2, -1000, -1000, -1000, -1000, -1000, -1000
4/03/2021 11:30:18 AM, 5.096964, -0.3959317, -2, -1000, -1000, -1000, -1000, -1000, -1000
4/03/2021 11:30:18 AM, 5.138725, -0.3470402, -2, -1000, -1000, -1000, -1000, -1000, -1000
4/03/2021 11:30:18 AM, 5.17893, -0.2990627, -2, -1000, -1000, -1000, -1000, -1000, -1000
4/03/2021 11:30:18 AM, 5.21761, -0.2520347, -2, -1000, -1000, -1000, -1000, -1000, -1000
4/03/2021 11:30:18 AM, 5.2548, -0.205987, -2, -1000, -1000, -1000, -1000, -1000, -1000
4/03/2021 11:30:18 AM, 5.290547, -0.1609335, -2, -1000, -1000, -1000, -1000, -1000, -1000
4/03/2021 11:30:18 AM, 5.324852, -0.116941, -2, -1000, -1000, -1000, -1000, -1000, -1000
4/03/2021 11:30:19 AM, 5.357762, -0.07401943, -2, -1000, -1000, -1000, -1000, -1000, -1000
4/03/2021 11:30:19 AM, 5.389312, -0.03219128, -2, -1000, -1000, -1000, -1000, -1000, -1000
4/03/2021 11:30:19 AM, 5.41953, 0.00851512, -2, -1000, -1000, -1000, -1000, -1000, -1000
4/03/2021 11:30:19 AM, 5.448448, 0.04807997, -2, -1000, -1000, -1000, -1000, -1000, -1000
4/03/2021 11:30:19 AM, 5.476107, 0.08649755, -2, -1000, -1000, -1000, -1000, -1000, -1000
4/03/2021 11:30:19 AM, 5.502513, 0.123713, -2, -1000, -1000, -1000, -1000, -1000, -1000
4/03/2021 11:30:19 AM, 5.527707, 0.1597247, -2, -1000, -1000, -1000, -1000, -1000, -1000
4/03/2021 11:30:19 AM, 5.551714, 0.1945143, -2, -1000, -1000, -1000, -1000, -1000, -1000
4/03/2021 11:30:19 AM, 5.574564, 0.2280662, -2, -1000, -1000, -1000, -1000, -1000, -1000
4/03/2021 11:30:19 AM, 5.596283, 0.2603652, -2, -1000, -1000, -1000, -1000, -1000, -1000
4/03/2021 11:30:19 AM, 5.616905, 0.2914104, -2, -1000, -1000, -1000, -1000, -1000, -1000
4/03/2021 11:30:19 AM, 5.636434, 0.3211596, -2, -1000, -1000, -1000, -1000, -1000, -1000
4/03/2021 11:30:19 AM, 5.654904, 0.3496146, -2, -1000, -1000, -1000, -1000, -1000, -1000
4/03/2021 11:30:19 AM, 5.672339, 0.3767655, -2, -1000, -1000, -1000, -1000, -1000, -1000
4/03/2021 11:30:19 AM, 5.688758, 0.4025996, -2, -1000, -1000, -1000, -1000, -1000, -1000
4/03/2021 11:30:19 AM, 5.704182, 0.427108, -2, -1000, -1000, -1000, -1000, -1000, -1000
4/03/2021 11:30:19 AM, 5.718639, 0.4502923, -2, -1000, -1000, -1000, -1000, -1000, -1000
4/03/2021 11:30:19 AM, 5.732131, 0.4721222, -2, -1000, -1000, -1000, -1000, -1000, -1000
4/03/2021 11:30:19 AM, 5.744686, 0.4926014, -2, -1000, -1000, -1000, -1000, -1000, -1000
4/03/2021 11:30:19 AM, 5.756316, 0.5117223, -2, -1000, -1000, -1000, -1000, -1000, -1000
4/03/2021 11:30:19 AM, 5.767039, 0.529479, -2, -1000, -1000, -1000, -1000, -1000, -1000
4/03/2021 11:30:19 AM, 5.776869, 0.5458665, -2, -1000, -1000, -1000, -1000, -1000, -1000
4/03/2021 11:30:19 AM, 5.785822, 0.5608835, -2, -1000, -1000, -1000, -1000, -1000, -1000
4/03/2021 11:30:19 AM, 5.793902, 0.5745151, -2, -1000, -1000, -1000, -1000, -1000, -1000
4/03/2021 11:30:19 AM, 5.801126, 0.586762, -2, -1000, -1000, -1000, -1000, -1000, -1000
4/03/2021 11:30:19 AM, 5.807502, 0.5976214, -2, -1000, -1000, -1000, -1000, -1000, -1000
4/03/2021 11:30:19 AM, 5.813038, 0.6070893, -2, -1000, -1000, -1000, -1000, -1000, -1000
4/03/2021 11:30:19 AM, 5.817743, 0.6151638, -2, -1000, -1000, -1000, -1000, -1000, -1000
4/03/2021 11:30:19 AM, 5.821626, 0.621846, -2, -1000, -1000, -1000, -1000, -1000, -1000
4/03/2021 11:30:19 AM, 5.824686, 0.627125, -2, -1000, -1000, -1000, -1000, -1000, -1000
4/03/2021 11:30:19 AM, 5.826932, 0.6310062, -2, -1000, -1000, -1000, -1000, -1000, -1000
4/03/2021 11:30:19 AM, 5.828364, 0.6334853, -2, -1000, -1000, -1000, -1000, -1000, -1000
4/03/2021 11:30:19 AM, 5.828989, 0.6345654, -2, -1000, -1000, -1000, -1000, -1000, -1000
4/03/2021 11:30:19 AM, 5.828802, 0.6342418, -2, -1000, -1000, -1000, -1000, -1000, -1000
4/03/2021 11:30:19 AM, 5.827805, 0.6325164, -2, -1000, -1000, -1000, -1000, -1000, -1000
4/03/2021 11:30:19 AM, 5.825998, 0.6293912, -2, -1000, -1000, -1000, -1000, -1000, -1000
4/03/2021 11:30:19 AM, 5.823377, 0.6248648, -2, -1000, -1000, -1000, -1000, -1000, -1000
4/03/2021 11:30:19 AM, 5.819939, 0.6189406, -2, -1000, -1000, -1000, -1000, -1000, -1000
4/03/2021 11:30:19 AM, 5.815679, 0.6116185, -2, -1000, -1000, -1000, -1000, -1000, -1000
4/03/2021 11:30:19 AM, 5.810592, 0.6029022, -2, -1000, -1000, -1000, -1000, -1000, -1000
4/03/2021 11:30:19 AM, 5.804667, 0.5927882, -2, -1000, -1000, -1000, -1000, -1000, -1000
4/03/2021 11:30:19 AM, 5.797902, 0.5812883, -2, -1000, -1000, -1000, -1000, -1000, -1000
4/03/2021 11:30:19 AM, 5.790285, 0.5684025, -2, -1000, -1000, -1000, -1000, -1000, -1000
4/03/2021 11:30:19 AM, 5.781805, 0.5541348, -2, -1000, -1000, -1000, -1000, -1000, -1000
4/03/2021 11:30:19 AM, 5.772451, 0.5384891, -2, -1000, -1000, -1000, -1000, -1000, -1000
4/03/2021 11:30:19 AM, 5.762212, 0.5214703, -2, -1000, -1000, -1000, -1000, -1000, -1000
4/03/2021 11:30:19 AM, 5.751067, 0.5030756, -2, -1000, -1000, -1000, -1000, -1000, -1000
4/03/2021 11:30:19 AM, 5.739013, 0.4833276, -2, -1000, -1000, -1000, -1000, -1000, -1000
4/03/2021 11:30:19 AM, 5.726028, 0.4622247, -2, -1000, -1000, -1000, -1000, -1000, -1000
4/03/2021 11:30:19 AM, 5.712097, 0.4397752, -2, -1000, -1000, -1000, -1000, -1000, -1000
4/03/2021 11:30:20 AM, 5.697201, 0.4159853, -2, -1000, -1000, -1000, -1000, -1000, -1000
4/03/2021 11:30:20 AM, 5.681319, 0.3908641, -2, -1000, -1000, -1000, -1000, -1000, -1000
4/03/2021 11:30:20 AM, 5.664428, 0.3644106, -2, -1000, -1000, -1000, -1000, -1000, -1000
4/03/2021 11:30:20 AM, 5.646519, 0.3366575, -2, -1000, -1000, -1000, -1000, -1000, -1000
4/03/2021 11:30:20 AM, 5.627563, 0.3076041, -2, -1000, -1000, -1000, -1000, -1000, -1000
4/03/2021 11:30:20 AM, 5.607538, 0.2772627, -2, -1000, -1000, -1000, -1000, -1000, -1000
4/03/2021 11:30:20 AM, 5.586419, 0.2456462, -2, -1000, -1000, -1000, -1000, -1000, -1000
4/03/2021 11:30:20 AM, 5.564183, 0.2127686, -2, -1000, -1000, -1000, -1000, -1000, -1000
4/03/2021 11:30:20 AM, 5.540791, 0.178628, -2, -1000, -1000, -1000, -1000, -1000, -1000
4/03/2021 11:30:20 AM, 5.51624, 0.1432722, -2, -1000, -1000, -1000, -1000, -1000, -1000
4/03/2021 11:30:20 AM, 5.490492, 0.1067038, -2, -1000, -1000, -1000, -1000, -1000, -1000
4/03/2021 11:30:20 AM, 5.463517, 0.06893945, -2, -1000, -1000, -1000, -1000, -1000, -1000
4/03/2021 11:30:20 AM, 5.435288, 0.03000045, -2, -1000, -1000, -1000, -1000, -1000, -1000
4/03/2021 11:30:20 AM, 5.405776, -0.01009274, -2, -1000, -1000, -1000, -1000, -1000, -1000
4/03/2021 11:30:20 AM, 5.374934, -0.0513382, -2, -1000, -1000, -1000, -1000, -1000, -1000
4/03/2021 11:30:20 AM, 5.342761, -0.09367323, -2, -1000, -1000, -1000, -1000, -1000, -1000
4/03/2021 11:30:20 AM, 5.309211, -0.1370916, -2, -1000, -1000, -1000, -1000, -1000, -1000
4/03/2021 11:30:20 AM, 5.274252, -0.1815681, -2, -1000, -1000, -1000, -1000, -1000, -1000
4/03/2021 11:30:20 AM, 5.237854, -0.2270718, -2, -1000, -1000, -1000, -1000, -1000, -1000
4/03/2021 11:30:20 AM, 5.199982, -0.2735748, -2, -1000, -1000, -1000, -1000, -1000, -1000
4/03/2021 11:30:20 AM, 5.160586, -0.3210649, -2, -1000, -1000, -1000, -1000, -1000, -1000
4/03/2021 11:30:20 AM, 5.119668, -0.3694687, -2, -1000, -1000, -1000, -1000, -1000, -1000
4/03/2021 11:30:20 AM, 5.077177, -0.4187703, -2, -1000, -1000, -1000, -1000, -1000, -1000
4/03/2021 11:30:20 AM, 5.03308, -0.4689331, -2, -1000, -1000, -1000, -1000, -1000, -1000
4/03/2021 11:30:20 AM, 4.987344, -0.519918, -2, -1000, -1000, -1000, -1000, -1000, -1000
4/03/2021 11:30:20 AM, 4.939936, -0.5716829, -2, -1000, -1000, -1000, -1000, -1000, -1000
4/03/2021 11:30:20 AM, 4.890801, -0.6242099, -2, -1000, -1000, -1000, -1000, -1000, -1000
4/03/2021 11:30:20 AM, 4.839952, -0.6774054, -2, -1000, -1000, -1000, -1000, -1000, -1000
4/03/2021 11:30:20 AM, 4.787333, -0.7312465, -2, -1000, -1000, -1000, -1000, -1000, -1000
4/03/2021 11:30:20 AM, 4.732916, -0.7856827, -2, -1000, -1000, -1000, -1000, -1000, -1000
4/03/2021 11:30:20 AM, 4.676668, -0.8406639, -2, -1000, -1000, -1000, -1000, -1000, -1000
4/03/2021 11:30:20 AM, 4.618563, -0.8961344, -2, -1000, -1000, -1000, -1000, -1000, -1000
4/03/2021 11:30:20 AM, 4.558541, -0.9520659, -2, -1000, -1000, -1000, -1000, -1000, -1000
4/03/2021 11:30:20 AM, 4.496633, -1.008348, -2, -1000, -1000, -1000, -1000, -1000, -1000
4/03/2021 11:30:20 AM, 4.432785, -1.064946, -2, -1000, -1000, -1000, -1000, -1000, -1000
4/03/2021 11:30:20 AM, 4.366972, -1.121798, -2, -1000, -1000, -1000, -1000, -1000, -1000
4/03/2021 11:30:20 AM, 4.299173, -1.178838, -2, -1000, -1000, -1000, -1000, -1000, -1000
4/03/2021 11:30:20 AM, 4.229367, -1.236001, -2, -1000, -1000, -1000, -1000, -1000, -1000
4/03/2021 11:30:20 AM, 4.157503, -1.293243, -2, -1000, -1000, -1000, -1000, -1000, -1000
4/03/2021 11:30:20 AM, 4.08363, -1.350441, -2, -1000, -1000, -1000, -1000, -1000, -1000
4/03/2021 11:30:20 AM, 4.007699, -1.40755, -2, -1000, -1000, -1000, -1000, -1000, -1000
4/03/2021 11:30:20 AM, 3.929703, -1.464493, -2, -1000, -1000, -1000, -1000, -1000, -1000
4/03/2021 11:30:20 AM, 3.849631, -1.521195, -2, -1000, -1000, -1000, -1000, -1000, -1000
4/03/2021 11:30:20 AM, 3.767477, -1.577578, -2, -1000, -1000, -1000, -1000, -1000, -1000
4/03/2021 11:30:20 AM, 3.683198, -1.633587, -2, -1000, -1000, -1000, -1000, -1000, -1000
4/03/2021 11:30:20 AM, 3.596874, -1.689091, -2, -1000, -1000, -1000, -1000, -1000, -1000
4/03/2021 11:30:20 AM, 3.508469, -1.744031, -2, -1000, -1000, -1000, -1000, -1000, -1000
4/03/2021 11:30:20 AM, 3.417992, -1.798326, -2, -1000, -1000, -1000, -1000, -1000, -1000
4/03/2021 11:30:20 AM, 3.32545, -1.851892, -2, -1000, -1000, -1000, -1000, -1000, -1000
4/03/2021 11:30:20 AM, 3.230862, -1.904641, -2, -1000, -1000, -1000, -1000, -1000, -1000
4/03/2021 11:30:21 AM, 3.1342, -1.956513, -2, -1000, -1000, -1000, -1000, -1000, -1000
4/03/2021 11:30:21 AM, 3.035573, -2.007375, -2, -1000, -1000, -1000, -1000, -1000, -1000
4/03/2021 11:30:21 AM, 2.934967, -2.057163, -2, -1000, -1000, -1000, -1000, -1000, -1000
4/03/2021 11:30:21 AM, 2.832411, -2.105793, -2, -1000, -1000, -1000, -1000, -1000, -1000
4/03/2021 11:30:21 AM, 2.727941, -2.153177, -2, -1000, -1000, -1000, -1000, -1000, -1000
4/03/2021 11:30:21 AM, 2.621596, -2.199233, -2, -1000, -1000, -1000, -1000, -1000, -1000
4/03/2021 11:30:21 AM, 2.513368, -2.243896, -2, -1000, -1000, -1000, -1000, -1000, -1000
4/03/2021 11:30:21 AM, 2.403408, -2.287041, -2, -1000, -1000, -1000, -1000, -1000, -1000
4/03/2021 11:30:21 AM, 2.291717, -2.328609, -2, -1000, -1000, -1000, -1000, -1000, -1000
4/03/2021 11:30:21 AM, 2.178351, -2.368519, -2, -1000, -1000, -1000, -1000, -1000, -1000
4/03/2021 11:30:21 AM, 2.063375, -2.406695, -2, -1000, -1000, -1000, -1000, -1000, -1000
4/03/2021 11:30:21 AM, 1.94685, -2.44306, -2, -1000, -1000, -1000, -1000, -1000, -1000
4/03/2021 11:30:21 AM, 1.828792, -2.477559, -2, -1000, -1000, -1000, -1000, -1000, -1000
4/03/2021 11:30:21 AM, 1.709386, -2.510088, -2, -1000, -1000, -1000, -1000, -1000, -1000
4/03/2021 11:30:21 AM, 1.588653, -2.540599, -2, -1000, -1000, -1000, -1000, -1000, -1000
4/03/2021 11:30:21 AM, 1.466674, -2.569027, -2, -1000, -1000, -1000, -1000, -1000, -1000
4/03/2021 11:30:21 AM, 1.343537, -2.595314, -2, -1000, -1000, -1000, -1000, -1000, -1000
4/03/2021 11:30:21 AM, 1.219327, -2.619403, -2, -1000, -1000, -1000, -1000, -1000, -1000
4/03/2021 11:30:21 AM, 1.094079, -2.641253, -2, -1000, -1000, -1000, -1000, -1000, -1000
4/03/2021 11:30:21 AM, 0.9680034, -2.660798, -2, -1000, -1000, -1000, -1000, -1000, -1000
4/03/2021 11:30:21 AM, 0.8411396, -2.678004, -2, -1000, -1000, -1000, -1000, -1000, -1000
4/03/2021 11:30:21 AM, 0.7135859, -2.692836, -2, -1000, -1000, -1000, -1000, -1000, -1000
4/03/2021 11:30:21 AM, 0.5854456, -2.70526, -2, -1000, -1000, -1000, -1000, -1000, -1000
4/03/2021 11:30:21 AM, 0.4568214, -2.715249, -2, -1000, -1000, -1000, -1000, -1000, -1000
4/03/2021 11:30:21 AM, 0.3277605, -2.722784, -2, -1000, -1000, -1000, -1000, -1000, -1000
4/03/2021 11:30:21 AM, 0.1984848, -2.727842, -2, -1000, -1000, -1000, -1000, -1000, -1000
4/03/2021 11:30:21 AM, 0.06904541, -2.730415, -2, -1000, -1000, -1000, -1000, -1000, -1000
4/03/2021 11:30:21 AM, -0.06045227, -2.730498, -2, -1000, -1000, -1000, -1000, -1000, -1000
4/03/2021 11:30:21 AM, -0.1898997, -2.72809, -2, -1000, -1000, -1000, -1000, -1000, -1000
4/03/2021 11:30:21 AM, -0.3191886, -2.723197, -2, -1000, -1000, -1000, -1000, -1000, -1000
4/03/2021 11:30:21 AM, -0.4482717, -2.715825, -2, -1000, -1000, -1000, -1000, -1000, -1000
4/03/2021 11:30:21 AM, -0.5769244, -2.705998, -2, -1000, -1000, -1000, -1000, -1000, -1000
4/03/2021 11:30:21 AM, -0.7050998, -2.693735, -2, -1000, -1000, -1000, -1000, -1000, -1000
4/03/2021 11:30:21 AM, -0.8326951, -2.679062, -2, -1000, -1000, -1000, -1000, -1000, -1000
4/03/2021 11:30:21 AM, -0.9596082, -2.662012, -2, -1000, -1000, -1000, -1000, -1000, -1000
4/03/2021 11:30:21 AM, -1.085739, -2.642622, -2, -1000, -1000, -1000, -1000, -1000, -1000
4/03/2021 11:30:21 AM, -1.211049, -2.620923, -2, -1000, -1000, -1000, -1000, -1000, -1000
4/03/2021 11:30:21 AM, -1.335327, -2.596981, -2, -1000, -1000, -1000, -1000, -1000, -1000
4/03/2021 11:30:21 AM, -1.458538, -2.570838, -2, -1000, -1000, -1000, -1000, -1000, -1000
4/03/2021 11:30:21 AM, -1.580596, -2.542551, -2, -1000, -1000, -1000, -1000, -1000, -1000
4/03/2021 11:30:21 AM, -1.701414, -2.512177, -2, -1000, -1000, -1000, -1000, -1000, -1000
4/03/2021 11:30:21 AM, -1.820912, -2.479779, -2, -1000, -1000, -1000, -1000, -1000, -1000
4/03/2021 11:30:21 AM, -1.939064, -2.445408, -2, -1000, -1000, -1000, -1000, -1000, -1000
4/03/2021 11:30:21 AM, -2.055689, -2.409165, -2, -1000, -1000, -1000, -1000, -1000, -1000
4/03/2021 11:30:21 AM, -2.170771, -2.371107, -2, -1000, -1000, -1000, -1000, -1000, -1000
4/03/2021 11:30:21 AM, -2.284245, -2.331309, -2, -1000, -1000, -1000, -1000, -1000, -1000
4/03/2021 11:30:21 AM, -2.396049, -2.289849, -2, -1000, -1000, -1000, -1000, -1000, -1000
4/03/2021 11:30:21 AM, -2.506126, -2.246806, -2, -1000, -1000, -1000, -1000, -1000, -1000
4/03/2021 11:30:21 AM, -2.614473, -2.20224, -2, -1000, -1000, -1000, -1000, -1000, -1000
4/03/2021 11:30:21 AM, -2.720941, -2.156276, -2, -1000, -1000, -1000, -1000, -1000, -1000
4/03/2021 11:30:22 AM, -2.825537, -2.108976, -2, -1000, -1000, -1000, -1000, -1000, -1000
4/03/2021 11:30:22 AM, -2.928222, -2.060427, -2, -1000, -1000, -1000, -1000, -1000, -1000
4/03/2021 11:30:22 AM, -3.028958, -2.010713, -2, -1000, -1000, -1000, -1000, -1000, -1000
4/03/2021 11:30:22 AM, -3.127717, -1.95992, -2, -1000, -1000, -1000, -1000, -1000, -1000
4/03/2021 11:30:22 AM, -3.224513, -1.908111, -2, -1000, -1000, -1000, -1000, -1000, -1000
4/03/2021 11:30:22 AM, -3.319237, -1.855418, -2, -1000, -1000, -1000, -1000, -1000, -1000
4/03/2021 11:30:22 AM, -3.411915, -1.801904, -2, -1000, -1000, -1000, -1000, -1000, -1000
4/03/2021 11:30:22 AM, -3.50253, -1.747655, -2, -1000, -1000, -1000, -1000, -1000, -1000
4/03/2021 11:30:22 AM, -3.591073, -1.692755, -2, -1000, -1000, -1000, -1000, -1000, -1000
4/03/2021 11:30:22 AM, -3.677535, -1.637286, -2, -1000, -1000, -1000, -1000, -1000, -1000
4/03/2021 11:30:22 AM, -3.761951, -1.581306, -2, -1000, -1000, -1000, -1000, -1000, -1000
4/03/2021 11:30:22 AM, -3.844244, -1.524947, -2, -1000, -1000, -1000, -1000, -1000, -1000
4/03/2021 11:30:22 AM, -3.924454, -1.468265, -2, -1000, -1000, -1000, -1000, -1000, -1000
4/03/2021 11:30:22 AM, -4.002588, -1.411335, -2, -1000, -1000, -1000, -1000, -1000, -1000
4/03/2021 11:30:22 AM, -4.078655, -1.354235, -2, -1000, -1000, -1000, -1000, -1000, -1000
4/03/2021 11:30:22 AM, -4.152664, -1.29704, -2, -1000, -1000, -1000, -1000, -1000, -1000
4/03/2021 11:30:22 AM, -4.224664, -1.239797, -2, -1000, -1000, -1000, -1000, -1000, -1000
4/03/2021 11:30:22 AM, -4.294603, -1.182629, -2, -1000, -1000, -1000, -1000, -1000, -1000
4/03/2021 11:30:22 AM, -4.362535, -1.125578, -2, -1000, -1000, -1000, -1000, -1000, -1000
4/03/2021 11:30:22 AM, -4.428478, -1.068711, -2, -1000, -1000, -1000, -1000, -1000, -1000
4/03/2021 11:30:22 AM, -4.492456, -1.012094, -2, -1000, -1000, -1000, -1000, -1000, -1000
4/03/2021 11:30:22 AM, -4.554493, -0.9557896, -2, -1000, -1000, -1000, -1000, -1000, -1000
4/03/2021 11:30:22 AM, -4.61464, -0.8998318, -2, -1000, -1000, -1000, -1000, -1000, -1000
4/03/2021 11:30:22 AM, -4.672871, -0.8443298, -2, -1000, -1000, -1000, -1000, -1000, -1000
4/03/2021 11:30:22 AM, -4.72924, -0.7893147, -2, -1000, -1000, -1000, -1000, -1000, -1000
4/03/2021 11:30:22 AM, -4.783779, -0.7348404, -2, -1000, -1000, -1000, -1000, -1000, -1000
4/03/2021 11:30:22 AM, -4.836515, -0.6809587, -2, -1000, -1000, -1000, -1000, -1000, -1000
4/03/2021 11:30:22 AM, -4.887481, -0.6277189, -2, -1000, -1000, -1000, -1000, -1000, -1000
4/03/2021 11:30:22 AM, -4.93673, -0.5751448, -2, -1000, -1000, -1000, -1000, -1000, -1000
4/03/2021 11:30:22 AM, -4.98425, -0.5233293, -2, -1000, -1000, -1000, -1000, -1000, -1000
4/03/2021 11:30:22 AM, -5.030096, -0.4722919, -2, -1000, -1000, -1000, -1000, -1000, -1000
4/03/2021 11:30:22 AM, -5.0743, -0.4220734, -2, -1000, -1000, -1000, -1000, -1000, -1000
4/03/2021 11:30:22 AM, -5.116897, -0.3727131, -2, -1000, -1000, -1000, -1000, -1000, -1000
4/03/2021 11:30:22 AM, -5.157918, -0.3242493, -2, -1000, -1000, -1000, -1000, -1000, -1000
4/03/2021 11:30:22 AM, -5.197416, -0.2766948, -2, -1000, -1000, -1000, -1000, -1000, -1000
4/03/2021 11:30:22 AM, -5.235387, -0.2301269, -2, -1000, -1000, -1000, -1000, -1000, -1000
4/03/2021 11:30:22 AM, -5.271883, -0.184556, -2, -1000, -1000, -1000, -1000, -1000, -1000
4/03/2021 11:30:22 AM, -5.306935, -0.1400108, -2, -1000, -1000, -1000, -1000, -1000, -1000
4/03/2021 11:30:22 AM, -5.340578, -0.09652138, -2, -1000, -1000, -1000, -1000, -1000, -1000
4/03/2021 11:30:22 AM, -5.372841, -0.05411339, -2, -1000, -1000, -1000, -1000, -1000, -1000
4/03/2021 11:30:22 AM, -5.403771, -0.01279354, -2, -1000, -1000, -1000, -1000, -1000, -1000
4/03/2021 11:30:22 AM, -5.43337, 0.0273757, -2, -1000, -1000, -1000, -1000, -1000, -1000
4/03/2021 11:30:22 AM, -5.461683, 0.06639218, -2, -1000, -1000, -1000, -1000, -1000, -1000
4/03/2021 11:30:22 AM, -5.48874, 0.1042347, -2, -1000, -1000, -1000, -1000, -1000, -1000
4/03/2021 11:30:22 AM, -5.514569, 0.140883, -2, -1000, -1000, -1000, -1000, -1000, -1000
4/03/2021 11:30:22 AM, -5.539199, 0.1763198, -2, -1000, -1000, -1000, -1000, -1000, -1000
4/03/2021 11:30:22 AM, -5.562666, 0.2105417, -2, -1000, -1000, -1000, -1000, -1000, -1000
4/03/2021 11:30:22 AM, -5.584979, 0.2435031, -2, -1000, -1000, -1000, -1000, -1000, -1000
4/03/2021 11:30:22 AM, -5.606171, 0.2752039, -2, -1000, -1000, -1000, -1000, -1000, -1000
4/03/2021 11:30:22 AM, -5.626267, 0.3056302, -2, -1000, -1000, -1000, -1000, -1000, -1000
4/03/2021 11:30:23 AM, -5.645293, 0.3347695, -2, -1000, -1000, -1000, -1000, -1000, -1000
4/03/2021 11:30:23 AM, -5.663272, 0.3626096, -2, -1000, -1000, -1000, -1000, -1000, -1000
4/03/2021 11:30:23 AM, -5.680231, 0.3891511, -2, -1000, -1000, -1000, -1000, -1000, -1000
4/03/2021 11:30:23 AM, -5.696177, 0.4143593, -2, -1000, -1000, -1000, -1000, -1000, -1000
4/03/2021 11:30:23 AM, -5.711138, 0.4382374, -2, -1000, -1000, -1000, -1000, -1000, -1000
4/03/2021 11:30:23 AM, -5.725133, 0.4607768, -2, -1000, -1000, -1000, -1000, -1000, -1000
4/03/2021 11:30:23 AM, -5.738181, 0.4819694, -2, -1000, -1000, -1000, -1000, -1000, -1000
4/03/2021 11:30:23 AM, -5.750296, 0.5018072, -2, -1000, -1000, -1000, -1000, -1000, -1000
4/03/2021 11:30:23 AM, -5.761501, 0.5202925, -2, -1000, -1000, -1000, -1000, -1000, -1000
4/03/2021 11:30:23 AM, -5.771799, 0.5374017, -2, -1000, -1000, -1000, -1000, -1000, -1000
4/03/2021 11:30:23 AM, -5.781211, 0.553139, -2, -1000, -1000, -1000, -1000, -1000, -1000
4/03/2021 11:30:23 AM, -5.789749, 0.5674984, -2, -1000, -1000, -1000, -1000, -1000, -1000
4/03/2021 11:30:23 AM, -5.797423, 0.5804758, -2, -1000, -1000, -1000, -1000, -1000, -1000
4/03/2021 11:30:23 AM, -5.804244, 0.5920675, -2, -1000, -1000, -1000, -1000, -1000, -1000
4/03/2021 11:30:23 AM, -5.810225, 0.6022742, -2, -1000, -1000, -1000, -1000, -1000, -1000
4/03/2021 11:30:23 AM, -5.815367, 0.611083, -2, -1000, -1000, -1000, -1000, -1000, -1000
4/03/2021 11:30:23 AM, -5.819682, 0.6184978, -2, -1000, -1000, -1000, -1000, -1000, -1000
4/03/2021 11:30:23 AM, -5.823174, 0.6245148, -2, -1000, -1000, -1000, -1000, -1000, -1000
4/03/2021 11:30:23 AM, -5.825849, 0.6291335, -2, -1000, -1000, -1000, -1000, -1000, -1000
4/03/2021 11:30:23 AM, -5.82771, 0.6323528, -2, -1000, -1000, -1000, -1000, -1000, -1000
