02/12/2020 15:05:33, 1.30839, -2.602376, -2, -1000, -1000, -1000, -1000, -1000, -1000
02/12/2020 15:05:33, 0.9320394, -2.665925, -2, -1000, -1000, -1000, -1000, -1000, -1000
02/12/2020 15:05:33, 0.548856, -2.708354, -2, -1000, -1000, -1000, -1000, -1000, -1000
02/12/2020 15:05:33, 0.1615958, -2.728829, -2, -1000, -1000, -1000, -1000, -1000, -1000
02/12/2020 15:05:33, -0.2268737, -2.726944, -2, -1000, -1000, -1000, -1000, -1000, -1000
02/12/2020 15:05:33, -0.6136474, -2.702737, -2, -1000, -1000, -1000, -1000, -1000, -1000
02/12/2020 15:05:33, -0.9958699, -2.656688, -2, -1000, -1000, -1000, -1000, -1000, -1000
02/12/2020 15:05:33, -1.370813, -2.589698, -2, -1000, -1000, -1000, -1000, -1000, -1000
02/12/2020 15:05:33, -1.735947, -2.503057, -2, -1000, -1000, -1000, -1000, -1000, -1000
02/12/2020 15:05:33, -2.089004, -2.398384, -2, -1000, -1000, -1000, -1000, -1000, -1000
02/12/2020 15:05:33, -2.428022, -2.277576, -2, -1000, -1000, -1000, -1000, -1000, -1000
02/12/2020 15:05:33, -2.751373, -2.142735, -2, -1000, -1000, -1000, -1000, -1000, -1000
02/12/2020 15:05:33, -3.057786, -1.996099, -2, -1000, -1000, -1000, -1000, -1000, -1000
02/12/2020 15:05:33, -3.346334, -1.839974, -2, -1000, -1000, -1000, -1000, -1000, -1000
02/12/2020 15:05:33, -3.616433, -1.676678, -2, -1000, -1000, -1000, -1000, -1000, -1000
02/12/2020 15:05:33, -3.867807, -1.508477, -2, -1000, -1000, -1000, -1000, -1000, -1000
02/12/2020 15:05:33, -4.100464, -1.337551, -2, -1000, -1000, -1000, -1000, -1000, -1000
02/12/2020 15:05:33, -4.314653, -1.165949, -2, -1000, -1000, -1000, -1000, -1000, -1000
02/12/2020 15:05:33, -4.510822, -0.9955721, -2, -1000, -1000, -1000, -1000, -1000, -1000
02/12/2020 15:05:33, -4.689584, -0.8281527, -2, -1000, -1000, -1000, -1000, -1000, -1000
02/12/2020 15:05:33, -4.851673, -0.6652465, -2, -1000, -1000, -1000, -1000, -1000, -1000
02/12/2020 15:05:33, -4.997906, -0.5082359, -2, -1000, -1000, -1000, -1000, -1000, -1000
02/12/2020 15:05:33, -5.129154, -0.3583288, -2, -1000, -1000, -1000, -1000, -1000, -1000
02/12/2020 15:05:33, -5.24631, -0.2165737, -2, -1000, -1000, -1000, -1000, -1000, -1000
02/12/2020 15:05:33, -5.350265, -0.08386087, -2, -1000, -1000, -1000, -1000, -1000, -1000
02/12/2020 15:05:33, -5.441886, 0.0390501, -2, -1000, -1000, -1000, -1000, -1000, -1000
02/12/2020 15:05:33, -5.522004, 0.1515298, -2, -1000, -1000, -1000, -1000, -1000, -1000
02/12/2020 15:05:33, -5.591391, 0.2530539, -2, -1000, -1000, -1000, -1000, -1000, -1000
02/12/2020 15:05:33, -5.650757, 0.3431981, -2, -1000, -1000, -1000, -1000, -1000, -1000
02/12/2020 15:05:33, -5.70074, 0.4216175, -2, -1000, -1000, -1000, -1000, -1000, -1000
02/12/2020 15:05:33, -5.741898, 0.48804, -2, -1000, -1000, -1000, -1000, -1000, -1000
02/12/2020 15:05:33, -5.774707, 0.5422533, -2, -1000, -1000, -1000, -1000, -1000, -1000
02/12/2020 15:05:33, -5.799558, 0.5840974, -2, -1000, -1000, -1000, -1000, -1000, -1000
02/12/2020 15:05:33, -5.816749, 0.6134548, -2, -1000, -1000, -1000, -1000, -1000, -1000
02/12/2020 15:05:33, -5.826494, 0.6302495, -2, -1000, -1000, -1000, -1000, -1000, -1000
02/12/2020 15:05:33, -5.828914, 0.6344373, -2, -1000, -1000, -1000, -1000, -1000, -1000
02/12/2020 15:05:33, -5.824039, 0.6260083, -2, -1000, -1000, -1000, -1000, -1000, -1000
02/12/2020 15:05:33, -5.811808, 0.6049829, -2, -1000, -1000, -1000, -1000, -1000, -1000
02/12/2020 15:05:34, -5.79207, 0.5714166, -2, -1000, -1000, -1000, -1000, -1000, -1000
02/12/2020 15:05:34, -5.764581, 0.5253985, -2, -1000, -1000, -1000, -1000, -1000, -1000
02/12/2020 15:05:34, -5.729012, 0.4670594, -2, -1000, -1000, -1000, -1000, -1000, -1000
02/12/2020 15:05:34, -5.684945, 0.3965771, -2, -1000, -1000, -1000, -1000, -1000, -1000
02/12/2020 15:05:34, -5.631873, 0.3141811, -2, -1000, -1000, -1000, -1000, -1000, -1000
02/12/2020 15:05:34, -5.569213, 0.2201688, -2, -1000, -1000, -1000, -1000, -1000, -1000
02/12/2020 15:05:34, -5.4963, 0.1149085, -2, -1000, -1000, -1000, -1000, -1000, -1000
02/12/2020 15:05:34, -5.412404, -0.001141548, -2, -1000, -1000, -1000, -1000, -1000, -1000
02/12/2020 15:05:34, -5.31673, -0.1274252, -2, -1000, -1000, -1000, -1000, -1000, -1000
02/12/2020 15:05:34, -5.208436, -0.263268, -2, -1000, -1000, -1000, -1000, -1000, -1000
02/12/2020 15:05:34, -5.086641, -0.4078722, -2, -1000, -1000, -1000, -1000, -1000, -1000
02/12/2020 15:05:34, -4.950454, -0.5602913, -2, -1000, -1000, -1000, -1000, -1000, -1000
02/12/2020 15:05:34, -4.798985, -0.7194281, -2, -1000, -1000, -1000, -1000, -1000, -1000
02/12/2020 15:05:34, -4.631379, -0.8840132, -2, -1000, -1000, -1000, -1000, -1000, -1000
02/12/2020 15:05:34, -4.446839, -1.052611, -2, -1000, -1000, -1000, -1000, -1000, -1000
02/12/2020 15:05:34, -4.244673, -1.2236, -2, -1000, -1000, -1000, -1000, -1000, -1000
02/12/2020 15:05:34, -4.024315, -1.395196, -2, -1000, -1000, -1000, -1000, -1000, -1000
02/12/2020 15:05:34, -3.785382, -1.565441, -2, -1000, -1000, -1000, -1000, -1000, -1000
02/12/2020 15:05:34, -3.527699, -1.732242, -2, -1000, -1000, -1000, -1000, -1000, -1000
02/12/2020 15:05:34, -3.251352, -1.893383, -2, -1000, -1000, -1000, -1000, -1000, -1000
02/12/2020 15:05:34, -2.956715, -2.046577, -2, -1000, -1000, -1000, -1000, -1000, -1000
02/12/2020 15:05:34, -2.644488, -2.189502, -2, -1000, -1000, -1000, -1000, -1000, -1000
02/12/2020 15:05:34, -2.315708, -2.31987, -2, -1000, -1000, -1000, -1000, -1000, -1000
02/12/2020 15:05:34, -1.971772, -2.435477, -2, -1000, -1000, -1000, -1000, -1000, -1000
02/12/2020 15:05:34, -1.614418, -2.534287, -2, -1000, -1000, -1000, -1000, -1000, -1000
02/12/2020 15:05:34, -1.24572, -2.614487, -2, -1000, -1000, -1000, -1000, -1000, -1000
02/12/2020 15:05:34, -0.8680342, -2.674562, -2, -1000, -1000, -1000, -1000, -1000, -1000
02/12/2020 15:05:34, -0.4839708, -2.713347, -2, -1000, -1000, -1000, -1000, -1000, -1000
02/12/2020 15:05:34, -0.09630262, -2.73008, -2, -1000, -1000, -1000, -1000, -1000, -1000
02/12/2020 15:05:34, 0.2920824, -2.724429, -2, -1000, -1000, -1000, -1000, -1000, -1000
02/12/2020 15:05:34, 0.6782904, -2.696505, -2, -1000, -1000, -1000, -1000, -1000, -1000
02/12/2020 15:05:34, 1.059473, -2.646862, -2, -1000, -1000, -1000, -1000, -1000, -1000
02/12/2020 15:05:34, 1.43294, -2.576468, -2, -1000, -1000, -1000, -1000, -1000, -1000
02/12/2020 15:05:34, 1.796193, -2.486674, -2, -1000, -1000, -1000, -1000, -1000, -1000
02/12/2020 15:05:34, 2.14702, -2.37915, -2, -1000, -1000, -1000, -1000, -1000, -1000
02/12/2020 15:05:34, 2.483511, -2.255832, -2, -1000, -1000, -1000, -1000, -1000, -1000
02/12/2020 15:05:34, 2.804096, -2.118848, -2, -1000, -1000, -1000, -1000, -1000, -1000
02/12/2020 15:05:34, 3.107558, -1.970455, -2, -1000, -1000, -1000, -1000, -1000, -1000
02/12/2020 15:05:34, 3.393037, -1.812964, -2, -1000, -1000, -1000, -1000, -1000, -1000
02/12/2020 15:05:34, 3.66, -1.648686, -2, -1000, -1000, -1000, -1000, -1000, -1000
02/12/2020 15:05:34, 3.908222, -1.479877, -2, -1000, -1000, -1000, -1000, -1000, -1000
02/12/2020 15:05:34, 4.137751, -1.308698, -2, -1000, -1000, -1000, -1000, -1000, -1000
02/12/2020 15:05:34, 4.348871, -1.137176, -2, -1000, -1000, -1000, -1000, -1000, -1000
02/12/2020 15:05:34, 4.54207, -0.9671779, -2, -1000, -1000, -1000, -1000, -1000, -1000
02/12/2020 15:05:35, 4.717976, -0.8004122, -2, -1000, -1000, -1000, -1000, -1000, -1000
02/12/2020 15:05:35, 4.87734, -0.6384063, -2, -1000, -1000, -1000, -1000, -1000, -1000
02/12/2020 15:05:35, 5.02099, -0.4825115, -2, -1000, -1000, -1000, -1000, -1000, -1000
02/12/2020 15:05:35, 5.149808, -0.3339052, -2, -1000, -1000, -1000, -1000, -1000, -1000
02/12/2020 15:05:35, 5.264684, -0.1936092, -2, -1000, -1000, -1000, -1000, -1000, -1000
02/12/2020 15:05:35, 5.366506, -0.06249619, -2, -1000, -1000, -1000, -1000, -1000, -1000
02/12/2020 15:05:35, 5.456137, 0.05870199, -2, -1000, -1000, -1000, -1000, -1000, -1000
02/12/2020 15:05:35, 5.534398, 0.1693733, -2, -1000, -1000, -1000, -1000, -1000, -1000
02/12/2020 15:05:35, 5.602053, 0.2690132, -2, -1000, -1000, -1000, -1000, -1000, -1000
02/12/2020 15:05:35, 5.659799, 0.357208, -2, -1000, -1000, -1000, -1000, -1000, -1000
02/12/2020 15:05:35, 5.708261, 0.4336274, -2, -1000, -1000, -1000, -1000, -1000, -1000
02/12/2020 15:05:35, 5.747985, 0.4980116, -2, -1000, -1000, -1000, -1000, -1000, -1000
02/12/2020 15:05:35, 5.779432, 0.5501561, -2, -1000, -1000, -1000, -1000, -1000, -1000
02/12/2020 15:05:35, 5.802976, 0.5899079, -2, -1000, -1000, -1000, -1000, -1000, -1000
02/12/2020 15:05:35, 5.818903, 0.6171579, -2, -1000, -1000, -1000, -1000, -1000, -1000
02/12/2020 15:05:35, 5.827412, 0.6318355, -2, -1000, -1000, -1000, -1000, -1000, -1000
02/12/2020 15:05:35, 5.828605, 0.6339016, -2, -1000, -1000, -1000, -1000, -1000, -1000
02/12/2020 15:05:35, 5.822501, 0.6233532, -2, -1000, -1000, -1000, -1000, -1000, -1000
02/12/2020 15:05:35, 5.809021, 0.6002159, -2, -1000, -1000, -1000, -1000, -1000, -1000
02/12/2020 15:05:35, 5.787998, 0.5645483, -2, -1000, -1000, -1000, -1000, -1000, -1000
02/12/2020 15:05:35, 5.759178, 0.5164492, -2, -1000, -1000, -1000, -1000, -1000, -1000
02/12/2020 15:05:35, 5.722212, 0.4560547, -2, -1000, -1000, -1000, -1000, -1000, -1000
02/12/2020 15:05:35, 5.676669, 0.3835526, -2, -1000, -1000, -1000, -1000, -1000, -1000
02/12/2020 15:05:35, 5.622028, 0.2991817, -2, -1000, -1000, -1000, -1000, -1000, -1000
02/12/2020 15:05:35, 5.557692, 0.2032495, -2, -1000, -1000, -1000, -1000, -1000, -1000
02/12/2020 15:05:35, 5.482988, 0.09614348, -2, -1000, -1000, -1000, -1000, -1000, -1000
02/12/2020 15:05:35, 5.397169, -0.02166986, -2, -1000, -1000, -1000, -1000, -1000, -1000
02/12/2020 15:05:36, 5.299433, -0.1496105, -2, -1000, -1000, -1000, -1000, -1000, -1000
02/12/2020 15:05:36, 5.18893, -0.2869873, -2, -1000, -1000, -1000, -1000, -1000, -1000
02/12/2020 15:05:36, 5.064778, -0.4329758, -2, -1000, -1000, -1000, -1000, -1000, -1000
02/12/2020 15:05:36, 4.926086, -0.5866036, -2, -1000, -1000, -1000, -1000, -1000, -1000
02/12/2020 15:05:36, 4.771962, -0.7467499, -2, -1000, -1000, -1000, -1000, -1000, -1000
02/12/2020 15:05:36, 4.601562, -0.9121161, -2, -1000, -1000, -1000, -1000, -1000, -1000
02/12/2020 15:05:36, 4.414108, -1.08123, -2, -1000, -1000, -1000, -1000, -1000, -1000
02/12/2020 15:05:36, 4.208918, -1.252453, -2, -1000, -1000, -1000, -1000, -1000, -1000
02/12/2020 15:05:36, 3.985459, -1.423963, -2, -1000, -1000, -1000, -1000, -1000, -1000
02/12/2020 15:05:36, 3.743378, -1.593781, -2, -1000, -1000, -1000, -1000, -1000, -1000
02/12/2020 15:05:36, 3.482543, -1.759788, -2, -1000, -1000, -1000, -1000, -1000, -1000
02/12/2020 15:05:36, 3.203091, -1.919752, -2, -1000, -1000, -1000, -1000, -1000, -1000
02/12/2020 15:05:36, 2.905437, -2.071383, -2, -1000, -1000, -1000, -1000, -1000, -1000
02/12/2020 15:05:36, 2.590343, -2.212357, -2, -1000, -1000, -1000, -1000, -1000, -1000
02/12/2020 15:05:36, 2.258914, -2.340391, -2, -1000, -1000, -1000, -1000, -1000, -1000
02/12/2020 15:05:36, 1.91259, -2.453313, -2, -1000, -1000, -1000, -1000, -1000, -1000
02/12/2020 15:05:36, 1.553174, -2.549115, -2, -1000, -1000, -1000, -1000, -1000, -1000
02/12/2020 15:05:36, 1.182791, -2.626029, -2, -1000, -1000, -1000, -1000, -1000, -1000
02/12/2020 15:05:36, 0.8038449, -2.682596, -2, -1000, -1000, -1000, -1000, -1000, -1000
02/12/2020 15:05:36, 0.4189816, -2.717716, -2, -1000, -1000, -1000, -1000, -1000, -1000
02/12/2020 15:05:36, 0.03098932, -2.730698, -2, -1000, -1000, -1000, -1000, -1000, -1000
02/12/2020 15:05:36, -0.3572353, -2.721282, -2, -1000, -1000, -1000, -1000, -1000, -1000
02/12/2020 15:05:36, -0.7427874, -2.689658, -2, -1000, -1000, -1000, -1000, -1000, -1000
02/12/2020 15:05:36, -1.12286, -2.636448, -2, -1000, -1000, -1000, -1000, -1000, -1000
02/12/2020 15:05:36, -1.494778, -2.562689, -2, -1000, -1000, -1000, -1000, -1000, -1000
02/12/2020 15:05:36, -1.856093, -2.46979, -2, -1000, -1000, -1000, -1000, -1000, -1000
02/12/2020 15:05:36, -2.204634, -2.359469, -2, -1000, -1000, -1000, -1000, -1000, -1000
02/12/2020 15:05:36, -2.538544, -2.233703, -2, -1000, -1000, -1000, -1000, -1000, -1000
02/12/2020 15:05:36, -2.856328, -2.094641, -2, -1000, -1000, -1000, -1000, -1000, -1000
02/12/2020 15:05:36, -3.156821, -1.944555, -2, -1000, -1000, -1000, -1000, -1000, -1000
02/12/2020 15:05:37, -3.439213, -1.785764, -2, -1000, -1000, -1000, -1000, -1000, -1000
02/12/2020 15:05:37, -3.703034, -1.620569, -2, -1000, -1000, -1000, -1000, -1000, -1000
02/12/2020 15:05:37, -3.948103, -1.451214, -2, -1000, -1000, -1000, -1000, -1000, -1000
02/12/2020 15:05:37, -4.174514, -1.279838, -2, -1000, -1000, -1000, -1000, -1000, -1000
02/12/2020 15:05:37, -4.382586, -1.108443, -2, -1000, -1000, -1000, -1000, -1000, -1000
02/12/2020 15:05:37, -4.572826, -0.9388781, -2, -1000, -1000, -1000, -1000, -1000, -1000
02/12/2020 15:05:37, -4.745897, -0.77281, -2, -1000, -1000, -1000, -1000, -1000, -1000
02/12/2020 15:05:37, -4.902561, -0.6117401, -2, -1000, -1000, -1000, -1000, -1000, -1000
02/12/2020 15:05:37, -5.043656, -0.4569931, -2, -1000, -1000, -1000, -1000, -1000, -1000
02/12/2020 15:05:37, -5.170067, -0.3097172, -2, -1000, -1000, -1000, -1000, -1000, -1000
02/12/2020 15:05:37, -5.282686, -0.1709089, -2, -1000, -1000, -1000, -1000, -1000, -1000
02/12/2020 15:05:37, -5.3824, -0.04141331, -2, -1000, -1000, -1000, -1000, -1000, -1000
02/12/2020 15:05:37, -5.470065, 0.07805681, -2, -1000, -1000, -1000, -1000, -1000, -1000
02/12/2020 15:05:37, -5.546491, 0.1869054, -2, -1000, -1000, -1000, -1000, -1000, -1000
02/12/2020 15:05:37, -5.612433, 0.2846475, -2, -1000, -1000, -1000, -1000, -1000, -1000
02/12/2020 15:05:37, -5.668578, 0.3708847, -2, -1000, -1000, -1000, -1000, -1000, -1000
02/12/2020 15:05:37, -5.715535, 0.4452975, -2, -1000, -1000, -1000, -1000, -1000, -1000
02/12/2020 15:05:37, -5.753838, 0.5076363, -2, -1000, -1000, -1000, -1000, -1000, -1000
02/12/2020 15:05:37, -5.783933, 0.5577075, -2, -1000, -1000, -1000, -1000, -1000, -1000
02/12/2020 15:05:37, -5.806179, 0.5953646, -2, -1000, -1000, -1000, -1000, -1000, -1000
02/12/2020 15:05:37, -5.820848, 0.620506, -2, -1000, -1000, -1000, -1000, -1000, -1000
02/12/2020 15:05:37, -5.828122, 0.633065, -2, -1000, -1000, -1000, -1000, -1000, -1000
02/12/2020 15:05:37, -5.828091, 0.6330109, -2, -1000, -1000, -1000, -1000, -1000, -1000
02/12/2020 15:05:37, -5.820754, 0.6203432, -2, -1000, -1000, -1000, -1000, -1000, -1000
02/12/2020 15:05:37, -5.80602, 0.5950942, -2, -1000, -1000, -1000, -1000, -1000, -1000
02/12/2020 15:05:37, -5.783708, 0.5573299, -2, -1000, -1000, -1000, -1000, -1000, -1000
02/12/2020 15:05:37, -5.753545, 0.507153, -2, -1000, -1000, -1000, -1000, -1000, -1000
02/12/2020 15:05:37, -5.715169, 0.4447088, -2, -1000, -1000, -1000, -1000, -1000, -1000
02/12/2020 15:05:37, -5.668135, 0.3701925, -2, -1000, -1000, -1000, -1000, -1000, -1000
02/12/2020 15:05:37, -5.61191, 0.2838564, -2, -1000, -1000, -1000, -1000, -1000, -1000
02/12/2020 15:05:37, -5.54588, 0.1860166, -2, -1000, -1000, -1000, -1000, -1000, -1000
02/12/2020 15:05:37, -5.46936, 0.0770731, -2, -1000, -1000, -1000, -1000, -1000, -1000
02/12/2020 15:05:37, -5.381597, -0.04248333, -2, -1000, -1000, -1000, -1000, -1000, -1000
02/12/2020 15:05:37, -5.281775, -0.1720619, -2, -1000, -1000, -1000, -1000, -1000, -1000
02/12/2020 15:05:37, -5.169039, -0.3109503, -2, -1000, -1000, -1000, -1000, -1000, -1000
02/12/2020 15:05:37, -5.042508, -0.458293, -2, -1000, -1000, -1000, -1000, -1000, -1000
02/12/2020 15:05:37, -4.90128, -0.613102, -2, -1000, -1000, -1000, -1000, -1000, -1000
02/12/2020 15:05:38, -4.744478, -0.7742205, -2, -1000, -1000, -1000, -1000, -1000, -1000
02/12/2020 15:05:38, -4.571262, -0.9403253, -2, -1000, -1000, -1000, -1000, -1000, -1000
02/12/2020 15:05:38, -4.380872, -1.109913, -2, -1000, -1000, -1000, -1000, -1000, -1000
02/12/2020 15:05:38, -4.172644, -1.281316, -2, -1000, -1000, -1000, -1000, -1000, -1000
02/12/2020 15:05:38, -3.946074, -1.452683, -2, -1000, -1000, -1000, -1000, -1000, -1000
02/12/2020 15:05:38, -3.700842, -1.622012, -2, -1000, -1000, -1000, -1000, -1000, -1000
02/12/2020 15:05:38, -3.436865, -1.787159, -2, -1000, -1000, -1000, -1000, -1000, -1000
02/12/2020 15:05:38, -3.15431, -1.945888, -2, -1000, -1000, -1000, -1000, -1000, -1000
02/12/2020 15:05:38, -2.853664, -2.095889, -2, -1000, -1000, -1000, -1000, -1000, -1000
02/12/2020 15:05:38, -2.535737, -2.234845, -2, -1000, -1000, -1000, -1000, -1000, -1000
02/12/2020 15:05:38, -2.201694, -2.360487, -2, -1000, -1000, -1000, -1000, -1000, -1000
02/12/2020 15:05:38, -1.853034, -2.470666, -2, -1000, -1000, -1000, -1000, -1000, -1000
02/12/2020 15:05:38, -1.491618, -2.563408, -2, -1000, -1000, -1000, -1000, -1000, -1000
02/12/2020 15:05:38, -1.119619, -2.636995, -2, -1000, -1000, -1000, -1000, -1000, -1000
02/12/2020 15:05:38, -0.7394947, -2.690022, -2, -1000, -1000, -1000, -1000, -1000, -1000
02/12/2020 15:05:38, -0.3538998, -2.721459, -2, -1000, -1000, -1000, -1000, -1000, -1000
02/12/2020 15:05:38, 0.03433485, -2.730681, -2, -1000, -1000, -1000, -1000, -1000, -1000
02/12/2020 15:05:38, 0.4223128, -2.717507, -2, -1000, -1000, -1000, -1000, -1000, -1000
02/12/2020 15:05:38, 0.8071361, -2.682199, -2, -1000, -1000, -1000, -1000, -1000, -1000
02/12/2020 15:05:38, 1.186019, -2.625452, -2, -1000, -1000, -1000, -1000, -1000, -1000
02/12/2020 15:05:38, 1.556319, -2.548368, -2, -1000, -1000, -1000, -1000, -1000, -1000
02/12/2020 15:05:38, 1.91563, -2.452412, -2, -1000, -1000, -1000, -1000, -1000, -1000
02/12/2020 15:05:38, 2.261827, -2.339353, -2, -1000, -1000, -1000, -1000, -1000, -1000
02/12/2020 15:05:38, 2.593128, -2.211195, -2, -1000, -1000, -1000, -1000, -1000, -1000
02/12/2020 15:05:38, 2.908076, -2.070119, -2, -1000, -1000, -1000, -1000, -1000, -1000
02/12/2020 15:05:38, 3.205575, -1.918407, -2, -1000, -1000, -1000, -1000, -1000, -1000
02/12/2020 15:05:38, 3.484868, -1.75838, -2, -1000, -1000, -1000, -1000, -1000, -1000
02/12/2020 15:05:38, 3.745542, -1.592331, -2, -1000, -1000, -1000, -1000, -1000, -1000
02/12/2020 15:05:38, 3.987462, -1.42249, -2, -1000, -1000, -1000, -1000, -1000, -1000
02/12/2020 15:05:38, 4.210762, -1.250975, -2, -1000, -1000, -1000, -1000, -1000, -1000
02/12/2020 15:05:38, 4.415793, -1.079766, -2, -1000, -1000, -1000, -1000, -1000, -1000
02/12/2020 15:05:38, 4.6031, -0.9106741, -2, -1000, -1000, -1000, -1000, -1000, -1000
02/12/2020 15:05:38, 4.773357, -0.7453465, -2, -1000, -1000, -1000, -1000, -1000, -1000
02/12/2020 15:05:38, 4.927344, -0.5852518, -2, -1000, -1000, -1000, -1000, -1000, -1000
02/12/2020 15:05:38, 5.065909, -0.4316845, -2, -1000, -1000, -1000, -1000, -1000, -1000
02/12/2020 15:05:38, 5.189939, -0.2857666, -2, -1000, -1000, -1000, -1000, -1000, -1000
02/12/2020 15:05:38, 5.300327, -0.148468, -2, -1000, -1000, -1000, -1000, -1000, -1000
02/12/2020 15:05:38, 5.397957, -0.02061176, -2, -1000, -1000, -1000, -1000, -1000, -1000
02/12/2020 15:05:38, 5.483675, 0.09710932, -2, -1000, -1000, -1000, -1000, -1000, -1000
02/12/2020 15:05:38, 5.55829, 0.2041242, -2, -1000, -1000, -1000, -1000, -1000, -1000
02/12/2020 15:05:38, 5.622539, 0.2999582, -2, -1000, -1000, -1000, -1000, -1000, -1000
02/12/2020 15:05:38, 5.677098, 0.3842282, -2, -1000, -1000, -1000, -1000, -1000, -1000
02/12/2020 15:05:39, 5.722566, 0.4566262, -2, -1000, -1000, -1000, -1000, -1000, -1000
02/12/2020 15:05:39, 5.75946, 0.5169158, -2, -1000, -1000, -1000, -1000, -1000, -1000
02/12/2020 15:05:39, 5.788213, 0.5649092, -2, -1000, -1000, -1000, -1000, -1000, -1000
02/12/2020 15:05:39, 5.809168, 0.6004686, -2, -1000, -1000, -1000, -1000, -1000, -1000
02/12/2020 15:05:39, 5.822584, 0.6234977, -2, -1000, -1000, -1000, -1000, -1000, -1000
02/12/2020 15:05:39, 5.828626, 0.6339378, -2, -1000, -1000, -1000, -1000, -1000, -1000
02/12/2020 15:05:39, 5.82737, 0.6317632, -2, -1000, -1000, -1000, -1000, -1000, -1000
02/12/2020 15:05:39, 5.818799, 0.6169772, -2, -1000, -1000, -1000, -1000, -1000, -1000
02/12/2020 15:05:39, 5.802806, 0.5896192, -2, -1000, -1000, -1000, -1000, -1000, -1000
02/12/2020 15:05:39, 5.779195, 0.5497599, -2, -1000, -1000, -1000, -1000, -1000, -1000
02/12/2020 15:05:39, 5.747679, 0.4975095, -2, -1000, -1000, -1000, -1000, -1000, -1000
02/12/2020 15:05:39, 5.707882, 0.4330206, -2, -1000, -1000, -1000, -1000, -1000, -1000
02/12/2020 15:05:39, 5.659343, 0.356499, -2, -1000, -1000, -1000, -1000, -1000, -1000
02/12/2020 15:05:39, 5.601514, 0.2682037, -2, -1000, -1000, -1000, -1000, -1000, -1000
02/12/2020 15:05:39, 5.53377, 0.1684675, -2, -1000, -1000, -1000, -1000, -1000, -1000
02/12/2020 15:05:39, 5.455414, 0.05770206, -2, -1000, -1000, -1000, -1000, -1000, -1000
02/12/2020 15:05:39, 5.365683, -0.0635829, -2, -1000, -1000, -1000, -1000, -1000, -1000
02/12/2020 15:05:39, 5.263752, -0.1947794, -2, -1000, -1000, -1000, -1000, -1000, -1000
02/12/2020 15:05:39, 5.14876, -0.3351502, -2, -1000, -1000, -1000, -1000, -1000, -1000
02/12/2020 15:05:39, 5.019819, -0.4838238, -2, -1000, -1000, -1000, -1000, -1000, -1000
02/12/2020 15:05:39, 4.876037, -0.6397753, -2, -1000, -1000, -1000, -1000, -1000, -1000
02/12/2020 15:05:39, 4.716533, -0.8018298, -2, -1000, -1000, -1000, -1000, -1000, -1000
02/12/2020 15:05:39, 4.540482, -0.9686298, -2, -1000, -1000, -1000, -1000, -1000, -1000
02/12/2020 15:05:39, 4.347132, -1.138648, -2, -1000, -1000, -1000, -1000, -1000, -1000
02/12/2020 15:05:39, 4.135855, -1.310174, -2, -1000, -1000, -1000, -1000, -1000, -1000
02/12/2020 15:05:39, 3.906165, -1.481344, -2, -1000, -1000, -1000, -1000, -1000, -1000
02/12/2020 15:05:39, 3.657782, -1.650123, -2, -1000, -1000, -1000, -1000, -1000, -1000
02/12/2020 15:05:39, 3.390657, -1.814353, -2, -1000, -1000, -1000, -1000, -1000, -1000
02/12/2020 15:05:39, 3.105025, -1.971773, -2, -1000, -1000, -1000, -1000, -1000, -1000
02/12/2020 15:05:39, 2.801407, -2.120079, -2, -1000, -1000, -1000, -1000, -1000, -1000
02/12/2020 15:05:39, 2.480679, -2.256955, -2, -1000, -1000, -1000, -1000, -1000, -1000
02/12/2020 15:05:39, 2.144058, -2.380147, -2, -1000, -1000, -1000, -1000, -1000, -1000
02/12/2020 15:05:39, 1.793123, -2.487524, -2, -1000, -1000, -1000, -1000, -1000, -1000
02/12/2020 15:05:39, 1.429768, -2.577159, -2, -1000, -1000, -1000, -1000, -1000, -1000
02/12/2020 15:05:39, 1.056225, -2.647378, -2, -1000, -1000, -1000, -1000, -1000, -1000
02/12/2020 15:05:39, 0.6749821, -2.696839, -2, -1000, -1000, -1000, -1000, -1000, -1000
02/12/2020 15:05:39, 0.2887508, -2.724573, -2, -1000, -1000, -1000, -1000, -1000, -1000
02/12/2020 15:05:39, -0.09964351, -2.730031, -2, -1000, -1000, -1000, -1000, -1000, -1000
02/12/2020 15:05:39, -0.4872932, -2.713107, -2, -1000, -1000, -1000, -1000, -1000, -1000
02/12/2020 15:05:39, -0.8713168, -2.674134, -2, -1000, -1000, -1000, -1000, -1000, -1000
02/12/2020 15:05:39, -1.248929, -2.613882, -2, -1000, -1000, -1000, -1000, -1000, -1000
02/12/2020 15:05:39, -1.617543, -2.533514, -2, -1000, -1000, -1000, -1000, -1000, -1000
02/12/2020 15:05:39, -1.97479, -2.434552, -2, -1000, -1000, -1000, -1000, -1000, -1000
02/12/2020 15:05:39, -2.318598, -2.31881, -2, -1000, -1000, -1000, -1000, -1000, -1000
02/12/2020 15:05:39, -2.647249, -2.188322, -2, -1000, -1000, -1000, -1000, -1000, -1000
02/12/2020 15:05:39, -2.959324, -2.0453, -2, -1000, -1000, -1000, -1000, -1000, -1000
02/12/2020 15:05:39, -3.253802, -1.892031, -2, -1000, -1000, -1000, -1000, -1000, -1000
02/12/2020 15:05:39, -3.529997, -1.730827, -2, -1000, -1000, -1000, -1000, -1000, -1000
02/12/2020 15:05:39, -3.787515, -1.56399, -2, -1000, -1000, -1000, -1000, -1000, -1000
02/12/2020 15:05:40, -4.026294, -1.39372, -2, -1000, -1000, -1000, -1000, -1000, -1000
02/12/2020 15:05:40, -4.24649, -1.222125, -2, -1000, -1000, -1000, -1000, -1000, -1000
02/12/2020 15:05:40, -4.448499, -1.05115, -2, -1000, -1000, -1000, -1000, -1000, -1000
02/12/2020 15:05:40, -4.632893, -0.8825769, -2, -1000, -1000, -1000, -1000, -1000, -1000
02/12/2020 15:05:40, -4.800354, -0.7180343, -2, -1000, -1000, -1000, -1000, -1000, -1000
02/12/2020 15:05:40, -4.951687, -0.5589533, -2, -1000, -1000, -1000, -1000, -1000, -1000
02/12/2020 15:05:40, -5.087749, -0.4065924, -2, -1000, -1000, -1000, -1000, -1000, -1000
02/12/2020 15:05:40, -5.209422, -0.262063, -2, -1000, -1000, -1000, -1000, -1000, -1000
02/12/2020 15:05:40, -5.317607, -0.1262946, -2, -1000, -1000, -1000, -1000, -1000, -1000
02/12/2020 15:05:40, -5.413176, -9.822845E-05, -2, -1000, -1000, -1000, -1000, -1000, -1000
02/12/2020 15:05:40, -5.496973, 0.1158595, -2, -1000, -1000, -1000, -1000, -1000, -1000
02/12/2020 15:05:40, -5.569795, 0.2210271, -2, -1000, -1000, -1000, -1000, -1000, -1000
02/12/2020 15:05:40, -5.632369, 0.3149397, -2, -1000, -1000, -1000, -1000, -1000, -1000
02/12/2020 15:05:40, -5.68536, 0.3972328, -2, -1000, -1000, -1000, -1000, -1000, -1000
02/12/2020 15:05:40, -5.729354, 0.4676139, -2, -1000, -1000, -1000, -1000, -1000, -1000
02/12/2020 15:05:40, -5.764852, 0.5258465, -2, -1000, -1000, -1000, -1000, -1000, -1000
02/12/2020 15:05:40, -5.792272, 0.5717587, -2, -1000, -1000, -1000, -1000, -1000, -1000
02/12/2020 15:05:40, -5.811945, 0.6052172, -2, -1000, -1000, -1000, -1000, -1000, -1000
02/12/2020 15:05:40, -5.824112, 0.6261342, -2, -1000, -1000, -1000, -1000, -1000, -1000
02/12/2020 15:05:40, -5.828925, 0.634455, -2, -1000, -1000, -1000, -1000, -1000, -1000
02/12/2020 15:05:40, -5.826442, 0.6301589, -2, -1000, -1000, -1000, -1000, -1000, -1000
02/12/2020 15:05:40, -5.816633, 0.6132565, -2, -1000, -1000, -1000, -1000, -1000, -1000
02/12/2020 15:05:40, -5.799376, 0.5837901, -2, -1000, -1000, -1000, -1000, -1000, -1000
02/12/2020 15:05:40, -5.774459, 0.5418398, -2, -1000, -1000, -1000, -1000, -1000, -1000
02/12/2020 15:05:40, -5.74158, 0.4875195, -2, -1000, -1000, -1000, -1000, -1000, -1000
02/12/2020 15:05:40, -5.700348, 0.4209936, -2, -1000, -1000, -1000, -1000, -1000, -1000
02/12/2020 15:05:40, -5.650288, 0.3424733, -2, -1000, -1000, -1000, -1000, -1000, -1000
02/12/2020 15:05:40, -5.590837, 0.2522278, -2, -1000, -1000, -1000, -1000, -1000, -1000
02/12/2020 15:05:40, -5.521362, 0.1506083, -2, -1000, -1000, -1000, -1000, -1000, -1000
02/12/2020 15:05:40, -5.44115, 0.03803873, -2, -1000, -1000, -1000, -1000, -1000, -1000
02/12/2020 15:05:40, -5.349424, -0.08496284, -2, -1000, -1000, -1000, -1000, -1000, -1000
02/12/2020 15:05:40, -5.24536, -0.2177544, -2, -1000, -1000, -1000, -1000, -1000, -1000
02/12/2020 15:05:40, -5.128084, -0.3595877, -2, -1000, -1000, -1000, -1000, -1000, -1000
02/12/2020 15:05:40, -4.996713, -0.5095577, -2, -1000, -1000, -1000, -1000, -1000, -1000
02/12/2020 15:05:40, -4.850349, -0.6666222, -2, -1000, -1000, -1000, -1000, -1000, -1000
02/12/2020 15:05:40, -4.688118, -0.8295765, -2, -1000, -1000, -1000, -1000, -1000, -1000
02/12/2020 15:05:40, -4.509211, -0.997026, -2, -1000, -1000, -1000, -1000, -1000, -1000
02/12/2020 15:05:40, -4.312892, -1.167418, -2, -1000, -1000, -1000, -1000, -1000, -1000
02/12/2020 15:05:40, -4.098542, -1.339027, -2, -1000, -1000, -1000, -1000, -1000, -1000
02/12/2020 15:05:40, -3.865728, -1.509937, -2, -1000, -1000, -1000, -1000, -1000, -1000
02/12/2020 15:05:40, -3.614186, -1.678109, -2, -1000, -1000, -1000, -1000, -1000, -1000
02/12/2020 15:05:41, -3.343931, -1.841351, -2, -1000, -1000, -1000, -1000, -1000, -1000
02/12/2020 15:05:41, -3.05523, -1.997401, -2, -1000, -1000, -1000, -1000, -1000, -1000
02/12/2020 15:05:41, -2.74866, -2.14395, -2, -1000, -1000, -1000, -1000, -1000, -1000
02/12/2020 15:05:41, -2.425173, -2.278677, -2, -1000, -1000, -1000, -1000, -1000, -1000
02/12/2020 15:05:41, -2.086032, -2.399354, -2, -1000, -1000, -1000, -1000, -1000, -1000
02/12/2020 15:05:41, -1.732853, -2.503881, -2, -1000, -1000, -1000, -1000, -1000, -1000
02/12/2020 15:05:41, -1.36763, -2.59036, -2, -1000, -1000, -1000, -1000, -1000, -1000
02/12/2020 15:05:41, -0.9926041, -2.657176, -2, -1000, -1000, -1000, -1000, -1000, -1000
02/12/2020 15:05:41, -0.6103364, -2.70304, -2, -1000, -1000, -1000, -1000, -1000, -1000
02/12/2020 15:05:41, -0.2235415, -2.727056, -2, -1000, -1000, -1000, -1000, -1000, -1000
02/12/2020 15:05:41, 0.164939, -2.728748, -2, -1000, -1000, -1000, -1000, -1000, -1000
02/12/2020 15:05:41, 0.5521711, -2.708082, -2, -1000, -1000, -1000, -1000, -1000, -1000
02/12/2020 15:05:41, 0.935302, -2.665468, -2, -1000, -1000, -1000, -1000, -1000, -1000
02/12/2020 15:05:41, 1.31159, -2.601741, -2, -1000, -1000, -1000, -1000, -1000, -1000
02/12/2020 15:05:41, 1.678444, -2.518135, -2, -1000, -1000, -1000, -1000, -1000, -1000
02/12/2020 15:05:41, 2.033576, -2.416215, -2, -1000, -1000, -1000, -1000, -1000, -1000
02/12/2020 15:05:41, 2.374947, -2.297847, -2, -1000, -1000, -1000, -1000, -1000, -1000
02/12/2020 15:05:41, 2.700888, -2.1651, -2, -1000, -1000, -1000, -1000, -1000, -1000
02/12/2020 15:05:41, 3.010081, -2.020188, -2, -1000, -1000, -1000, -1000, -1000, -1000
02/12/2020 15:05:41, 3.301523, -1.865424, -2, -1000, -1000, -1000, -1000, -1000, -1000
02/12/2020 15:05:41, 3.574588, -1.70312, -2, -1000, -1000, -1000, -1000, -1000, -1000
02/12/2020 15:05:41, 3.828962, -1.535549, -2, -1000, -1000, -1000, -1000, -1000, -1000
02/12/2020 15:05:41, 4.064591, -1.364919, -2, -1000, -1000, -1000, -1000, -1000, -1000
02/12/2020 15:05:41, 4.281706, -1.193289, -2, -1000, -1000, -1000, -1000, -1000, -1000
02/12/2020 15:05:41, 4.480709, -1.022599, -2, -1000, -1000, -1000, -1000, -1000, -1000
02/12/2020 15:05:41, 4.662199, -0.8546009, -2, -1000, -1000, -1000, -1000, -1000, -1000
02/12/2020 15:05:41, 4.826899, -0.6908741, -2, -1000, -1000, -1000, -1000, -1000, -1000
02/12/2020 15:05:41, 4.975603, -0.5328393, -2, -1000, -1000, -1000, -1000, -1000, -1000
02/12/2020 15:05:41, 5.109179, -0.3817282, -2, -1000, -1000, -1000, -1000, -1000, -1000
02/12/2020 15:05:41, 5.228526, -0.2386041, -2, -1000, -1000, -1000, -1000, -1000, -1000
02/12/2020 15:05:41, 5.334527, -0.1043968, -2, -1000, -1000, -1000, -1000, -1000, -1000
02/12/2020 15:05:41, 5.428062, 0.02012634, -2, -1000, -1000, -1000, -1000, -1000, -1000
02/12/2020 15:05:41, 5.509961, 0.1343057, -2, -1000, -1000, -1000, -1000, -1000, -1000
02/12/2020 15:05:41, 5.581009, 0.237608, -2, -1000, -1000, -1000, -1000, -1000, -1000
02/12/2020 15:05:41, 5.641931, 0.3295951, -2, -1000, -1000, -1000, -1000, -1000, -1000
02/12/2020 15:05:41, 5.693371, 0.4099045, -2, -1000, -1000, -1000, -1000, -1000, -1000
02/12/2020 15:05:41, 5.735901, 0.4782553, -2, -1000, -1000, -1000, -1000, -1000, -1000
02/12/2020 15:05:41, 5.770016, 0.5344298, -2, -1000, -1000, -1000, -1000, -1000, -1000
02/12/2020 15:05:41, 5.796112, 0.5782554, -2, -1000, -1000, -1000, -1000, -1000, -1000
02/12/2020 15:05:41, 5.81451, 0.6096125, -2, -1000, -1000, -1000, -1000, -1000, -1000
02/12/2020 15:05:41, 5.825433, 0.6284151, -2, -1000, -1000, -1000, -1000, -1000, -1000
02/12/2020 15:05:41, 5.829017, 0.6346149, -2, -1000, -1000, -1000, -1000, -1000, -1000
02/12/2020 15:05:41, 5.825307, 0.6281979, -2, -1000, -1000, -1000, -1000, -1000, -1000
02/12/2020 15:05:41, 5.814258, 0.60918, -2, -1000, -1000, -1000, -1000, -1000, -1000
02/12/2020 15:05:41, 5.795731, 0.5776098, -2, -1000, -1000, -1000, -1000, -1000, -1000
02/12/2020 15:05:41, 5.769498, 0.5335696, -2, -1000, -1000, -1000, -1000, -1000, -1000
02/12/2020 15:05:41, 5.735246, 0.4771874, -2, -1000, -1000, -1000, -1000, -1000, -1000
02/12/2020 15:05:42, 5.692564, 0.4086258, -2, -1000, -1000, -1000, -1000, -1000, -1000
02/12/2020 15:05:42, 5.640967, 0.3281138, -2, -1000, -1000, -1000, -1000, -1000, -1000
02/12/2020 15:05:42, 5.57988, 0.235934, -2, -1000, -1000, -1000, -1000, -1000, -1000
02/12/2020 15:05:42, 5.508649, 0.1324377, -2, -1000, -1000, -1000, -1000, -1000, -1000
02/12/2020 15:05:42, 5.426558, 0.0180757, -2, -1000, -1000, -1000, -1000, -1000, -1000
02/12/2020 15:05:42, 5.33282, -0.1066146, -2, -1000, -1000, -1000, -1000, -1000, -1000
02/12/2020 15:05:42, 5.226595, -0.2409859, -2, -1000, -1000, -1000, -1000, -1000, -1000
02/12/2020 15:05:42, 5.107016, -0.3842497, -2, -1000, -1000, -1000, -1000, -1000, -1000
02/12/2020 15:05:42, 4.973182, -0.5354958, -2, -1000, -1000, -1000, -1000, -1000, -1000
02/12/2020 15:05:42, 4.824212, -0.6936378, -2, -1000, -1000, -1000, -1000, -1000, -1000
02/12/2020 15:05:42, 4.659237, -0.8574448, -2, -1000, -1000, -1000, -1000, -1000, -1000
02/12/2020 15:05:42, 4.477445, -1.025509, -2, -1000, -1000, -1000, -1000, -1000, -1000
02/12/2020 15:05:42, 4.278135, -1.196231, -2, -1000, -1000, -1000, -1000, -1000, -1000
02/12/2020 15:05:42, 4.060715, -1.367854, -2, -1000, -1000, -1000, -1000, -1000, -1000
02/12/2020 15:05:42, 3.824756, -1.538456, -2, -1000, -1000, -1000, -1000, -1000, -1000
02/12/2020 15:05:42, 3.57007, -1.705949, -2, -1000, -1000, -1000, -1000, -1000, -1000
02/12/2020 15:05:42, 3.296677, -1.868149, -2, -1000, -1000, -1000, -1000, -1000, -1000
02/12/2020 15:05:42, 3.004924, -2.022764, -2, -1000, -1000, -1000, -1000, -1000, -1000
02/12/2020 15:05:42, 2.695434, -2.167486, -2, -1000, -1000, -1000, -1000, -1000, -1000
02/12/2020 15:05:42, 2.369204, -2.30001, -2, -1000, -1000, -1000, -1000, -1000, -1000
02/12/2020 15:05:42, 2.027568, -2.418117, -2, -1000, -1000, -1000, -1000, -1000, -1000
