02/12/2020 14:24:46, 5.829017, 0.6346154, -2, -1000, -1000, -1000, -1000, -1000, -1000
02/12/2020 14:24:46, 5.829017, 0.6346154, -2, -1000, -1000, -1000, -1000, -1000, -1000
02/12/2020 14:24:46, 5.829017, 0.6346154, -2, -1000, -1000, -1000, -1000, -1000, -1000
02/12/2020 14:24:46, 5.829017, 0.6346154, -2, -1000, -1000, -1000, -1000, -1000, -1000
02/12/2020 14:24:46, 5.829017, 0.6346154, -2, -1000, -1000, -1000, -1000, -1000, -1000
02/12/2020 14:24:46, 5.829017, 0.6346154, -2, -1000, -1000, -1000, -1000, -1000, -1000
02/12/2020 14:24:46, 5.829017, 0.6346154, -2, -1000, -1000, -1000, -1000, -1000, -1000
02/12/2020 14:24:46, 5.829017, 0.6346154, -2, -1000, -1000, -1000, -1000, -1000, -1000
02/12/2020 14:24:46, 5.829017, 0.6346154, -2, -1000, -1000, -1000, -1000, -1000, -1000
02/12/2020 14:24:46, 5.829017, 0.6346154, -2, -1000, -1000, -1000, -1000, -1000, -1000
02/12/2020 14:24:46, 5.829017, 0.6346154, -2, -1000, -1000, -1000, -1000, -1000, -1000
02/12/2020 14:24:46, 5.829017, 0.6346154, -2, -1000, -1000, -1000, -1000, -1000, -1000
02/12/2020 14:24:46, 5.829017, 0.6346154, -2, -1000, -1000, -1000, -1000, -1000, -1000
02/12/2020 14:24:46, 5.829017, 0.6346154, -2, -1000, -1000, -1000, -1000, -1000, -1000
02/12/2020 14:24:46, 5.829017, 0.6346154, -2, -1000, -1000, -1000, -1000, -1000, -1000
02/12/2020 14:24:46, 5.829017, 0.6346154, -2, -1000, -1000, -1000, -1000, -1000, -1000
02/12/2020 14:24:46, 5.829017, 0.6346154, -2, -1000, -1000, -1000, -1000, -1000, -1000
02/12/2020 14:24:46, 5.829017, 0.6346154, -2, -1000, -1000, -1000, -1000, -1000, -1000
02/12/2020 14:24:46, 5.829017, 0.6346154, -2, -1000, -1000, -1000, -1000, -1000, -1000
02/12/2020 14:24:46, 5.829017, 0.6346154, -2, -1000, -1000, -1000, -1000, -1000, -1000
02/12/2020 14:24:46, 5.829017, 0.6346154, -2, -1000, -1000, -1000, -1000, -1000, -1000
02/12/2020 14:24:46, 5.829017, 0.6346154, -2, -1000, -1000, -1000, -1000, -1000, -1000
02/12/2020 14:24:46, 5.829017, 0.6346154, -2, -1000, -1000, -1000, -1000, -1000, -1000
02/12/2020 14:24:46, 5.829017, 0.6346154, -2, -1000, -1000, -1000, -1000, -1000, -1000
02/12/2020 14:24:46, 5.829017, 0.6346154, -2, -1000, -1000, -1000, -1000, -1000, -1000
02/12/2020 14:24:46, 5.829017, 0.6346154, -2, -1000, -1000, -1000, -1000, -1000, -1000
02/12/2020 14:24:46, 5.829017, 0.6346154, -2, -1000, -1000, -1000, -1000, -1000, -1000
02/12/2020 14:24:46, 5.829017, 0.6346154, -2, -1000, -1000, -1000, -1000, -1000, -1000
02/12/2020 14:24:46, 5.829017, 0.6346154, -2, -1000, -1000, -1000, -1000, -1000, -1000
02/12/2020 14:24:46, 5.829017, 0.6346154, -2, -1000, -1000, -1000, -1000, -1000, -1000
02/12/2020 14:24:46, 5.829017, 0.6346154, -2, -1000, -1000, -1000, -1000, -1000, -1000
02/12/2020 14:24:46, 5.829017, 0.6346154, -2, -1000, -1000, -1000, -1000, -1000, -1000
02/12/2020 14:24:46, 5.829017, 0.6346154, -2, -1000, -1000, -1000, -1000, -1000, -1000
02/12/2020 14:24:47, 5.829017, 0.6346154, -2, -1000, -1000, -1000, -1000, -1000, -1000
02/12/2020 14:24:47, 5.829017, 0.6346154, -2, -1000, -1000, -1000, -1000, -1000, -1000
02/12/2020 14:24:47, 5.829017, 0.6346154, -2, -1000, -1000, -1000, -1000, -1000, -1000
02/12/2020 14:24:47, 5.829017, 0.6346154, -2, -1000, -1000, -1000, -1000, -1000, -1000
02/12/2020 14:24:47, 5.829017, 0.6346154, -2, -1000, -1000, -1000, -1000, -1000, -1000
02/12/2020 14:24:47, 5.829017, 0.6346154, -2, -1000, -1000, -1000, -1000, -1000, -1000
02/12/2020 14:24:47, 5.829017, 0.6346154, -2, -1000, -1000, -1000, -1000, -1000, -1000
02/12/2020 14:24:47, 5.829017, 0.6346154, -2, -1000, -1000, -1000, -1000, -1000, -1000
02/12/2020 14:24:47, 5.829017, 0.6346154, -2, -1000, -1000, -1000, -1000, -1000, -1000
02/12/2020 14:24:47, 5.829017, 0.6346154, -2, -1000, -1000, -1000, -1000, -1000, -1000
02/12/2020 14:24:47, 5.829017, 0.6346154, -2, -1000, -1000, -1000, -1000, -1000, -1000
02/12/2020 14:24:47, 5.829017, 0.6346154, -2, -1000, -1000, -1000, -1000, -1000, -1000
02/12/2020 14:24:47, 5.829017, 0.6346154, -2, -1000, -1000, -1000, -1000, -1000, -1000
02/12/2020 14:24:47, 5.829017, 0.6346154, -2, -1000, -1000, -1000, -1000, -1000, -1000
02/12/2020 14:24:47, 5.829017, 0.6346154, -2, -1000, -1000, -1000, -1000, -1000, -1000
02/12/2020 14:24:47, 5.829017, 0.6346154, -2, -1000, -1000, -1000, -1000, -1000, -1000
02/12/2020 14:24:47, 5.829017, 0.6346154, -2, -1000, -1000, -1000, -1000, -1000, -1000
02/12/2020 14:24:47, 5.829017, 0.6346154, -2, -1000, -1000, -1000, -1000, -1000, -1000
02/12/2020 14:24:47, 5.829017, 0.6346154, -2, -1000, -1000, -1000, -1000, -1000, -1000
02/12/2020 14:24:47, 5.829017, 0.6346154, -2, -1000, -1000, -1000, -1000, -1000, -1000
02/12/2020 14:24:47, 5.829017, 0.6346154, -2, -1000, -1000, -1000, -1000, -1000, -1000
02/12/2020 14:24:47, 5.829017, 0.6346154, -2, -1000, -1000, -1000, -1000, -1000, -1000
02/12/2020 14:24:47, 5.829017, 0.6346154, -2, -1000, -1000, -1000, -1000, -1000, -1000
02/12/2020 14:24:47, 5.829017, 0.6346154, -2, -1000, -1000, -1000, -1000, -1000, -1000
02/12/2020 14:24:47, 5.829017, 0.6346154, -2, -1000, -1000, -1000, -1000, -1000, -1000
02/12/2020 14:24:47, 5.829017, 0.6346154, -2, -1000, -1000, -1000, -1000, -1000, -1000
02/12/2020 14:24:47, 5.829017, 0.6346154, -2, -1000, -1000, -1000, -1000, -1000, -1000
02/12/2020 14:24:47, 5.829017, 0.6346154, -2, -1000, -1000, -1000, -1000, -1000, -1000
02/12/2020 14:24:47, 5.829017, 0.6346154, -2, -1000, -1000, -1000, -1000, -1000, -1000
02/12/2020 14:24:47, 5.829017, 0.6346154, -2, -1000, -1000, -1000, -1000, -1000, -1000
02/12/2020 14:24:47, 5.829017, 0.6346154, -2, -1000, -1000, -1000, -1000, -1000, -1000
02/12/2020 14:24:47, 5.829017, 0.6346154, -2, -1000, -1000, -1000, -1000, -1000, -1000
02/12/2020 14:24:47, 5.829017, 0.6346154, -2, -1000, -1000, -1000, -1000, -1000, -1000
02/12/2020 14:24:47, 5.829017, 0.6346154, -2, -1000, -1000, -1000, -1000, -1000, -1000
02/12/2020 14:24:47, 5.829017, 0.6346154, -2, -1000, -1000, -1000, -1000, -1000, -1000
02/12/2020 14:24:47, 5.829017, 0.6346154, -2, -1000, -1000, -1000, -1000, -1000, -1000
02/12/2020 14:24:47, 5.829017, 0.6346154, -2, -1000, -1000, -1000, -1000, -1000, -1000
02/12/2020 14:24:47, 5.829017, 0.6346154, -2, -1000, -1000, -1000, -1000, -1000, -1000
02/12/2020 14:24:47, 5.829017, 0.6346154, -2, -1000, -1000, -1000, -1000, -1000, -1000
02/12/2020 14:24:47, 5.829017, 0.6346154, -2, -1000, -1000, -1000, -1000, -1000, -1000
02/12/2020 14:24:47, 5.829017, 0.6346154, -2, -1000, -1000, -1000, -1000, -1000, -1000
02/12/2020 14:24:47, 5.829017, 0.6346154, -2, -1000, -1000, -1000, -1000, -1000, -1000
02/12/2020 14:24:47, 5.829017, 0.6346154, -2, -1000, -1000, -1000, -1000, -1000, -1000
02/12/2020 14:24:47, 5.829017, 0.6346154, -2, -1000, -1000, -1000, -1000, -1000, -1000
02/12/2020 14:24:48, 5.829017, 0.6346154, -2, -1000, -1000, -1000, -1000, -1000, -1000
02/12/2020 14:24:48, 5.829017, 0.6346154, -2, -1000, -1000, -1000, -1000, -1000, -1000
02/12/2020 14:24:48, 5.829017, 0.6346154, -2, -1000, -1000, -1000, -1000, -1000, -1000
02/12/2020 14:24:48, 5.829017, 0.6346154, -2, -1000, -1000, -1000, -1000, -1000, -1000
02/12/2020 14:24:48, 5.829017, 0.6346154, -2, -1000, -1000, -1000, -1000, -1000, -1000
02/12/2020 14:24:48, 5.829017, 0.6346154, -2, -1000, -1000, -1000, -1000, -1000, -1000
02/12/2020 14:24:48, 5.829017, 0.6346154, -2, -1000, -1000, -1000, -1000, -1000, -1000
02/12/2020 14:24:48, 5.829017, 0.6346154, -2, -1000, -1000, -1000, -1000, -1000, -1000
02/12/2020 14:24:48, 5.829017, 0.6346154, -2, -1000, -1000, -1000, -1000, -1000, -1000
02/12/2020 14:24:48, 5.829017, 0.6346154, -2, -1000, -1000, -1000, -1000, -1000, -1000
02/12/2020 14:24:48, 5.829017, 0.6346154, -2, -1000, -1000, -1000, -1000, -1000, -1000
02/12/2020 14:24:48, 5.829017, 0.6346154, -2, -1000, -1000, -1000, -1000, -1000, -1000
02/12/2020 14:24:48, 5.829017, 0.6346154, -2, -1000, -1000, -1000, -1000, -1000, -1000
02/12/2020 14:24:48, 5.829017, 0.6346154, -2, -1000, -1000, -1000, -1000, -1000, -1000
02/12/2020 14:24:48, 5.829017, 0.6346154, -2, -1000, -1000, -1000, -1000, -1000, -1000
02/12/2020 14:24:48, 5.829017, 0.6346154, -2, -1000, -1000, -1000, -1000, -1000, -1000
02/12/2020 14:24:48, 5.829017, 0.6346154, -2, -1000, -1000, -1000, -1000, -1000, -1000
02/12/2020 14:24:48, 5.829017, 0.6346154, -2, -1000, -1000, -1000, -1000, -1000, -1000
02/12/2020 14:24:48, 5.829017, 0.6346154, -2, -1000, -1000, -1000, -1000, -1000, -1000
02/12/2020 14:24:48, 5.829017, 0.6346154, -2, -1000, -1000, -1000, -1000, -1000, -1000
02/12/2020 14:24:48, 5.829017, 0.6346154, -2, -1000, -1000, -1000, -1000, -1000, -1000
02/12/2020 14:24:48, 5.829017, 0.6346154, -2, -1000, -1000, -1000, -1000, -1000, -1000
02/12/2020 14:24:48, 5.829017, 0.6346154, -2, -1000, -1000, -1000, -1000, -1000, -1000
02/12/2020 14:24:48, 5.829017, 0.6346154, -2, -1000, -1000, -1000, -1000, -1000, -1000
02/12/2020 14:24:48, 5.829017, 0.6346154, -2, -1000, -1000, -1000, -1000, -1000, -1000
02/12/2020 14:24:48, 5.829017, 0.6346154, -2, -1000, -1000, -1000, -1000, -1000, -1000
02/12/2020 14:24:48, 5.829017, 0.6346154, -2, -1000, -1000, -1000, -1000, -1000, -1000
02/12/2020 14:24:48, 5.829017, 0.6346154, -2, -1000, -1000, -1000, -1000, -1000, -1000
02/12/2020 14:24:48, 5.829017, 0.6346154, -2, -1000, -1000, -1000, -1000, -1000, -1000
02/12/2020 14:24:48, 5.829017, 0.6346154, -2, -1000, -1000, -1000, -1000, -1000, -1000
02/12/2020 14:24:48, 5.829017, 0.6346154, -2, -1000, -1000, -1000, -1000, -1000, -1000
02/12/2020 14:24:48, 5.829017, 0.6346154, -2, -1000, -1000, -1000, -1000, -1000, -1000
02/12/2020 14:24:48, 5.829017, 0.6346154, -2, -1000, -1000, -1000, -1000, -1000, -1000
02/12/2020 14:24:48, 5.829017, 0.6346154, -2, -1000, -1000, -1000, -1000, -1000, -1000
02/12/2020 14:24:48, 5.829017, 0.6346154, -2, -1000, -1000, -1000, -1000, -1000, -1000
02/12/2020 14:24:48, 5.829017, 0.6346154, -2, -1000, -1000, -1000, -1000, -1000, -1000
02/12/2020 14:24:48, 5.829017, 0.6346154, -2, -1000, -1000, -1000, -1000, -1000, -1000
02/12/2020 14:24:48, 5.829017, 0.6346154, -2, -1000, -1000, -1000, -1000, -1000, -1000
02/12/2020 14:24:48, 5.829017, 0.6346154, -2, -1000, -1000, -1000, -1000, -1000, -1000
02/12/2020 14:24:48, 5.829017, 0.6346154, -2, -1000, -1000, -1000, -1000, -1000, -1000
02/12/2020 14:24:48, 5.829017, 0.6346154, -2, -1000, -1000, -1000, -1000, -1000, -1000
02/12/2020 14:24:48, 5.829017, 0.6346154, -2, -1000, -1000, -1000, -1000, -1000, -1000
