02/12/2020 13:53:34, 3.910731, -1.478087, -2, -1000, -1000, -1000, -1000, -1000, -1000
02/12/2020 13:53:34, 4.14007, -1.306889, -2, -1000, -1000, -1000, -1000, -1000, -1000
02/12/2020 13:53:34, 4.351007, -1.135367, -2, -1000, -1000, -1000, -1000, -1000, -1000
02/12/2020 13:53:34, 4.544021, -0.9653931, -2, -1000, -1000, -1000, -1000, -1000, -1000
02/12/2020 13:53:34, 4.719752, -0.798666, -2, -1000, -1000, -1000, -1000, -1000, -1000
02/12/2020 13:53:34, 4.878948, -0.6367145, -2, -1000, -1000, -1000, -1000, -1000, -1000
02/12/2020 13:53:34, 5.02244, -0.4808865, -2, -1000, -1000, -1000, -1000, -1000, -1000
02/12/2020 13:53:34, 5.151107, -0.3323607, -2, -1000, -1000, -1000, -1000, -1000, -1000
02/12/2020 13:53:34, 5.26584, -0.1921568, -2, -1000, -1000, -1000, -1000, -1000, -1000
02/12/2020 13:53:34, 5.367529, -0.06114292, -2, -1000, -1000, -1000, -1000, -1000, -1000
02/12/2020 13:53:34, 5.457037, 0.0599494, -2, -1000, -1000, -1000, -1000, -1000, -1000
02/12/2020 13:53:34, 5.535182, 0.170507, -2, -1000, -1000, -1000, -1000, -1000, -1000
02/12/2020 13:53:34, 5.602728, 0.2700276, -2, -1000, -1000, -1000, -1000, -1000, -1000
02/12/2020 13:53:34, 5.660372, 0.3580992, -2, -1000, -1000, -1000, -1000, -1000, -1000
02/12/2020 13:53:34, 5.708738, 0.4343917, -2, -1000, -1000, -1000, -1000, -1000, -1000
02/12/2020 13:53:34, 5.748371, 0.4986448, -2, -1000, -1000, -1000, -1000, -1000, -1000
02/12/2020 13:53:34, 5.77973, 0.5506554, -2, -1000, -1000, -1000, -1000, -1000, -1000
02/12/2020 13:53:34, 5.80319, 0.5902727, -2, -1000, -1000, -1000, -1000, -1000, -1000
02/12/2020 13:53:34, 5.819036, 0.6173866, -2, -1000, -1000, -1000, -1000, -1000, -1000
02/12/2020 13:53:34, 5.827464, 0.6319268, -2, -1000, -1000, -1000, -1000, -1000, -1000
02/12/2020 13:53:34, 5.828578, 0.6338551, -2, -1000, -1000, -1000, -1000, -1000, -1000
02/12/2020 13:53:34, 5.822393, 0.6231678, -2, -1000, -1000, -1000, -1000, -1000, -1000
02/12/2020 13:53:34, 5.80883, 0.5998898, -2, -1000, -1000, -1000, -1000, -1000, -1000
02/12/2020 13:53:34, 5.787724, 0.5640843, -2, -1000, -1000, -1000, -1000, -1000, -1000
02/12/2020 13:53:34, 5.758813, 0.5158465, -2, -1000, -1000, -1000, -1000, -1000, -1000
02/12/2020 13:53:34, 5.721754, 0.4553158, -2, -1000, -1000, -1000, -1000, -1000, -1000
02/12/2020 13:53:34, 5.676111, 0.3826778, -2, -1000, -1000, -1000, -1000, -1000, -1000
02/12/2020 13:53:34, 5.621365, 0.2981741, -2, -1000, -1000, -1000, -1000, -1000, -1000
02/12/2020 13:53:34, 5.556916, 0.2021134, -2, -1000, -1000, -1000, -1000, -1000, -1000
02/12/2020 13:53:34, 5.482088, 0.09487987, -2, -1000, -1000, -1000, -1000, -1000, -1000
02/12/2020 13:53:34, 5.396138, -0.02305174, -2, -1000, -1000, -1000, -1000, -1000, -1000
02/12/2020 13:53:34, 5.298261, -0.1511059, -2, -1000, -1000, -1000, -1000, -1000, -1000
02/12/2020 13:53:34, 5.187607, -0.2885876, -2, -1000, -1000, -1000, -1000, -1000, -1000
02/12/2020 13:53:34, 5.063295, -0.43467, -2, -1000, -1000, -1000, -1000, -1000, -1000
02/12/2020 13:53:34, 4.924427, -0.5883842, -2, -1000, -1000, -1000, -1000, -1000, -1000
02/12/2020 13:53:34, 4.770122, -0.7485995, -2, -1000, -1000, -1000, -1000, -1000, -1000
02/12/2020 13:53:34, 4.599528, -0.9140205, -2, -1000, -1000, -1000, -1000, -1000, -1000
02/12/2020 13:53:34, 4.411869, -1.083175, -2, -1000, -1000, -1000, -1000, -1000, -1000
02/12/2020 13:53:34, 4.206469, -1.254415, -2, -1000, -1000, -1000, -1000, -1000, -1000
02/12/2020 13:53:34, 3.982794, -1.42592, -2, -1000, -1000, -1000, -1000, -1000, -1000
02/12/2020 13:53:35, 3.740493, -1.595709, -2, -1000, -1000, -1000, -1000, -1000, -1000
02/12/2020 13:53:35, 3.479439, -1.761663, -2, -1000, -1000, -1000, -1000, -1000, -1000
02/12/2020 13:53:35, 3.199763, -1.921551, -2, -1000, -1000, -1000, -1000, -1000, -1000
02/12/2020 13:53:35, 2.901899, -2.073075, -2, -1000, -1000, -1000, -1000, -1000, -1000
02/12/2020 13:53:35, 2.586603, -2.213915, -2, -1000, -1000, -1000, -1000, -1000, -1000
02/12/2020 13:53:35, 2.25498, -2.341792, -2, -1000, -1000, -1000, -1000, -1000, -1000
02/12/2020 13:53:35, 1.908486, -2.454528, -2, -1000, -1000, -1000, -1000, -1000, -1000
02/12/2020 13:53:35, 1.548924, -2.550121, -2, -1000, -1000, -1000, -1000, -1000, -1000
02/12/2020 13:53:35, 1.178418, -2.626808, -2, -1000, -1000, -1000, -1000, -1000, -1000
02/12/2020 13:53:35, 0.7993799, -2.683131, -2, -1000, -1000, -1000, -1000, -1000, -1000
02/12/2020 13:53:35, 0.4144493, -2.717997, -2, -1000, -1000, -1000, -1000, -1000, -1000
02/12/2020 13:53:35, 0.02643009, -2.730717, -2, -1000, -1000, -1000, -1000, -1000, -1000
02/12/2020 13:53:35, -0.3617866, -2.721039, -2, -1000, -1000, -1000, -1000, -1000, -1000
02/12/2020 13:53:35, -0.7473052, -2.689155, -2, -1000, -1000, -1000, -1000, -1000, -1000
02/12/2020 13:53:35, -1.127304, -2.635695, -2, -1000, -1000, -1000, -1000, -1000, -1000
02/12/2020 13:53:35, -1.499117, -2.561699, -2, -1000, -1000, -1000, -1000, -1000, -1000
02/12/2020 13:53:35, -1.8603, -2.468581, -2, -1000, -1000, -1000, -1000, -1000, -1000
02/12/2020 13:53:35, -2.208685, -2.358063, -2, -1000, -1000, -1000, -1000, -1000, -1000
02/12/2020 13:53:35, -2.542424, -2.232121, -2, -1000, -1000, -1000, -1000, -1000, -1000
02/12/2020 13:53:35, -2.860013, -2.092912, -2, -1000, -1000, -1000, -1000, -1000, -1000
02/12/2020 13:53:35, -3.160301, -1.942706, -2, -1000, -1000, -1000, -1000, -1000, -1000
02/12/2020 13:53:35, -3.442483, -1.783819, -2, -1000, -1000, -1000, -1000, -1000, -1000
02/12/2020 13:53:35, -3.706085, -1.618557, -2, -1000, -1000, -1000, -1000, -1000, -1000
02/12/2020 13:53:35, -3.950934, -1.449162, -2, -1000, -1000, -1000, -1000, -1000, -1000
02/12/2020 13:53:35, -4.177127, -1.277771, -2, -1000, -1000, -1000, -1000, -1000, -1000
02/12/2020 13:53:35, -4.384985, -1.106384, -2, -1000, -1000, -1000, -1000, -1000, -1000
02/12/2020 13:53:35, -4.57502, -0.9368458, -2, -1000, -1000, -1000, -1000, -1000, -1000
02/12/2020 13:53:35, -4.747891, -0.7708263, -2, -1000, -1000, -1000, -1000, -1000, -1000
02/12/2020 13:53:35, -4.904364, -0.6098223, -2, -1000, -1000, -1000, -1000, -1000, -1000
02/12/2020 13:53:35, -5.04528, -0.4551544, -2, -1000, -1000, -1000, -1000, -1000, -1000
02/12/2020 13:53:35, -5.171521, -0.3079724, -2, -1000, -1000, -1000, -1000, -1000, -1000
02/12/2020 13:53:35, -5.28398, -0.1692696, -2, -1000, -1000, -1000, -1000, -1000, -1000
02/12/2020 13:53:35, -5.383544, -0.03988981, -2, -1000, -1000, -1000, -1000, -1000, -1000
02/12/2020 13:53:35, -5.471067, 0.07945514, -2, -1000, -1000, -1000, -1000, -1000, -1000
02/12/2020 13:53:35, -5.547363, 0.1881738, -2, -1000, -1000, -1000, -1000, -1000, -1000
02/12/2020 13:53:35, -5.613183, 0.2857792, -2, -1000, -1000, -1000, -1000, -1000, -1000
02/12/2020 13:53:35, -5.669212, 0.3718743, -2, -1000, -1000, -1000, -1000, -1000, -1000
02/12/2020 13:53:35, -5.716061, 0.4461417, -2, -1000, -1000, -1000, -1000, -1000, -1000
02/12/2020 13:53:35, -5.75426, 0.5083318, -2, -1000, -1000, -1000, -1000, -1000, -1000
02/12/2020 13:53:35, -5.784256, 0.5582502, -2, -1000, -1000, -1000, -1000, -1000, -1000
02/12/2020 13:53:36, -5.806407, 0.5957539, -2, -1000, -1000, -1000, -1000, -1000, -1000
02/12/2020 13:53:36, -5.820984, 0.6207395, -2, -1000, -1000, -1000, -1000, -1000, -1000
02/12/2020 13:53:36, -5.828166, 0.633142, -2, -1000, -1000, -1000, -1000, -1000, -1000
02/12/2020 13:53:36, -5.828044, 0.6329303, -2, -1000, -1000, -1000, -1000, -1000, -1000
02/12/2020 13:53:36, -5.820615, 0.6201046, -2, -1000, -1000, -1000, -1000, -1000, -1000
02/12/2020 13:53:36, -5.805788, 0.594698, -2, -1000, -1000, -1000, -1000, -1000, -1000
02/12/2020 13:53:36, -5.783379, 0.5567763, -2, -1000, -1000, -1000, -1000, -1000, -1000
02/12/2020 13:53:36, -5.753114, 0.506443, -2, -1000, -1000, -1000, -1000, -1000, -1000
02/12/2020 13:53:36, -5.714632, 0.4438443, -2, -1000, -1000, -1000, -1000, -1000, -1000
02/12/2020 13:53:36, -5.667482, 0.369175, -2, -1000, -1000, -1000, -1000, -1000, -1000
02/12/2020 13:53:36, -5.611136, 0.2826879, -2, -1000, -1000, -1000, -1000, -1000, -1000
02/12/2020 13:53:36, -5.544976, 0.1847031, -2, -1000, -1000, -1000, -1000, -1000, -1000
02/12/2020 13:53:36, -5.468317, 0.07561946, -2, -1000, -1000, -1000, -1000, -1000, -1000
02/12/2020 13:53:36, -5.380403, -0.0440731, -2, -1000, -1000, -1000, -1000, -1000, -1000
02/12/2020 13:53:36, -5.28042, -0.1737776, -2, -1000, -1000, -1000, -1000, -1000, -1000
02/12/2020 13:53:36, -5.167512, -0.3127799, -2, -1000, -1000, -1000, -1000, -1000, -1000
02/12/2020 13:53:36, -5.040794, -0.4602289, -2, -1000, -1000, -1000, -1000, -1000, -1000
02/12/2020 13:53:36, -4.89937, -0.6151295, -2, -1000, -1000, -1000, -1000, -1000, -1000
02/12/2020 13:53:36, -4.742361, -0.7763243, -2, -1000, -1000, -1000, -1000, -1000, -1000
02/12/2020 13:53:36, -4.568924, -0.9424868, -2, -1000, -1000, -1000, -1000, -1000, -1000
02/12/2020 13:53:36, -4.378302, -1.112116, -2, -1000, -1000, -1000, -1000, -1000, -1000
02/12/2020 13:53:36, -4.169836, -1.283533, -2, -1000, -1000, -1000, -1000, -1000, -1000
02/12/2020 13:53:36, -3.943022, -1.454891, -2, -1000, -1000, -1000, -1000, -1000, -1000
02/12/2020 13:53:36, -3.697543, -1.624182, -2, -1000, -1000, -1000, -1000, -1000, -1000
02/12/2020 13:53:36, -3.433314, -1.789267, -2, -1000, -1000, -1000, -1000, -1000, -1000
02/12/2020 13:53:36, -3.150514, -1.9479, -2, -1000, -1000, -1000, -1000, -1000, -1000
02/12/2020 13:53:36, -2.849631, -2.097775, -2, -1000, -1000, -1000, -1000, -1000, -1000
02/12/2020 13:53:36, -2.531479, -2.236575, -2, -1000, -1000, -1000, -1000, -1000, -1000
02/12/2020 13:53:36, -2.197222, -2.362033, -2, -1000, -1000, -1000, -1000, -1000, -1000
02/12/2020 13:53:36, -1.848376, -2.471998, -2, -1000, -1000, -1000, -1000, -1000, -1000
02/12/2020 13:53:36, -1.486799, -2.564502, -2, -1000, -1000, -1000, -1000, -1000, -1000
02/12/2020 13:53:36, -1.11467, -2.637828, -2, -1000, -1000, -1000, -1000, -1000, -1000
02/12/2020 13:53:36, -0.7344416, -2.690579, -2, -1000, -1000, -1000, -1000, -1000, -1000
02/12/2020 13:53:36, -0.3487864, -2.721726, -2, -1000, -1000, -1000, -1000, -1000, -1000
02/12/2020 13:53:36, 0.03947123, -2.730653, -2, -1000, -1000, -1000, -1000, -1000, -1000
02/12/2020 13:53:36, 0.4274339, -2.717184, -2, -1000, -1000, -1000, -1000, -1000, -1000
02/12/2020 13:53:36, 0.8122113, -2.681584, -2, -1000, -1000, -1000, -1000, -1000, -1000
02/12/2020 13:53:36, 1.191005, -2.624557, -2, -1000, -1000, -1000, -1000, -1000, -1000
02/12/2020 13:53:36, 1.56118, -2.547211, -2, -1000, -1000, -1000, -1000, -1000, -1000
02/12/2020 13:53:36, 1.920337, -2.451012, -2, -1000, -1000, -1000, -1000, -1000, -1000
02/12/2020 13:53:37, 2.266359, -2.337734, -2, -1000, -1000, -1000, -1000, -1000, -1000
02/12/2020 13:53:37, 2.597456, -2.209386, -2, -1000, -1000, -1000, -1000, -1000, -1000
02/12/2020 13:53:37, 2.912182, -2.068151, -2, -1000, -1000, -1000, -1000, -1000, -1000
02/12/2020 13:53:37, 3.209447, -1.916308, -2, -1000, -1000, -1000, -1000, -1000, -1000
02/12/2020 13:53:37, 3.488503, -1.756179, -2, -1000, -1000, -1000, -1000, -1000, -1000
02/12/2020 13:53:37, 3.748929, -1.590061, -2, -1000, -1000, -1000, -1000, -1000, -1000
02/12/2020 13:53:37, 3.990602, -1.42018, -2, -1000, -1000, -1000, -1000, -1000, -1000
02/12/2020 13:53:37, 4.213647, -1.24866, -2, -1000, -1000, -1000, -1000, -1000, -1000
02/12/2020 13:53:37, 4.41845, -1.077455, -2, -1000, -1000, -1000, -1000, -1000, -1000
02/12/2020 13:53:37, 4.605519, -0.9084063, -2, -1000, -1000, -1000, -1000, -1000, -1000
02/12/2020 13:53:37, 4.775559, -0.7431307, -2, -1000, -1000, -1000, -1000, -1000, -1000
02/12/2020 13:53:37, 4.929328, -0.5831189, -2, -1000, -1000, -1000, -1000, -1000, -1000
02/12/2020 13:53:37, 5.067698, -0.4296379, -2, -1000, -1000, -1000, -1000, -1000, -1000
02/12/2020 13:53:37, 5.191534, -0.283834, -2, -1000, -1000, -1000, -1000, -1000, -1000
02/12/2020 13:53:37, 5.301748, -0.1466517, -2, -1000, -1000, -1000, -1000, -1000, -1000
02/12/2020 13:53:37, 5.399208, -0.01893139, -2, -1000, -1000, -1000, -1000, -1000, -1000
02/12/2020 13:53:37, 5.484776, 0.09865499, -2, -1000, -1000, -1000, -1000, -1000, -1000
02/12/2020 13:53:37, 5.55924, 0.2055173, -2, -1000, -1000, -1000, -1000, -1000, -1000
02/12/2020 13:53:37, 5.623356, 0.3011994, -2, -1000, -1000, -1000, -1000, -1000, -1000
02/12/2020 13:53:37, 5.677784, 0.3853056, -2, -1000, -1000, -1000, -1000, -1000, -1000
02/12/2020 13:53:37, 5.723135, 0.457545, -2, -1000, -1000, -1000, -1000, -1000, -1000
02/12/2020 13:53:37, 5.759913, 0.5176642, -2, -1000, -1000, -1000, -1000, -1000, -1000
02/12/2020 13:53:37, 5.788556, 0.5654881, -2, -1000, -1000, -1000, -1000, -1000, -1000
02/12/2020 13:53:37, 5.809406, 0.6008737, -2, -1000, -1000, -1000, -1000, -1000, -1000
02/12/2020 13:53:37, 5.822719, 0.6237302, -2, -1000, -1000, -1000, -1000, -1000, -1000
02/12/2020 13:53:37, 5.828658, 0.6339943, -2, -1000, -1000, -1000, -1000, -1000, -1000
02/12/2020 13:53:37, 5.8273, 0.6316423, -2, -1000, -1000, -1000, -1000, -1000, -1000
02/12/2020 13:53:37, 5.818627, 0.6166813, -2, -1000, -1000, -1000, -1000, -1000, -1000
02/12/2020 13:53:37, 5.802528, 0.5891457, -2, -1000, -1000, -1000, -1000, -1000, -1000
02/12/2020 13:53:37, 5.778809, 0.5491126, -2, -1000, -1000, -1000, -1000, -1000, -1000
02/12/2020 13:53:37, 5.747177, 0.496686, -2, -1000, -1000, -1000, -1000, -1000, -1000
02/12/2020 13:53:37, 5.707261, 0.4320276, -2, -1000, -1000, -1000, -1000, -1000, -1000
02/12/2020 13:53:37, 5.658592, 0.3553333, -2, -1000, -1000, -1000, -1000, -1000, -1000
02/12/2020 13:53:37, 5.600627, 0.2668748, -2, -1000, -1000, -1000, -1000, -1000, -1000
02/12/2020 13:53:37, 5.532735, 0.1669731, -2, -1000, -1000, -1000, -1000, -1000, -1000
02/12/2020 13:53:37, 5.454226, 0.05605769, -2, -1000, -1000, -1000, -1000, -1000, -1000
02/12/2020 13:53:37, 5.364319, -0.06538248, -2, -1000, -1000, -1000, -1000, -1000, -1000
02/12/2020 13:53:37, 5.262211, -0.1967115, -2, -1000, -1000, -1000, -1000, -1000, -1000
02/12/2020 13:53:37, 5.14702, -0.3372154, -2, -1000, -1000, -1000, -1000, -1000, -1000
02/12/2020 13:53:37, 5.017877, -0.4859972, -2, -1000, -1000, -1000, -1000, -1000, -1000
